0.58714 0.809191 -0.0218156 -0.00279554 -0.809464 0.586714 -0.02312 0.0014422 -0.00590902 0.0312336 0.999495 -0.00140965
0.810082 0.586105 -0.0157467 0.0946928 -0.586226 0.809193 -0.0393068 1.1724 -0.0102958 0.0410728 0.999103 -0.86281
0.854768 0.518738 -0.0168024 -0.13671 -0.518987 0.853979 -0.0370487 2.11558 -0.00486967 0.0403882 0.999172 -0.829116
0.774238 0.632718 -0.0149183 -0.566014 -0.632701 0.773205 -0.0429335 3.51245 -0.0156299 0.0426796 0.998967 -0.822061
0.720015 0.693829 -0.0134143 -0.955799 -0.6937 0.719084 -0.0411982 5.09631 -0.0189385 0.0389688 0.999061 -0.81579
0.685569 0.727916 -0.0115779 -1.2035 -0.727846 0.684993 -0.032022 6.71815 -0.0153786 0.0303802 0.99942 -0.791274
0.670993 0.741438 -0.00622785 -1.27242 -0.741281 0.670617 -0.0278499 10.7414 -0.0164725 0.0233037 0.999593 -0.563907
0.655611 0.755087 -0.00409118 -1.32728 -0.754894 0.655298 -0.0268289 12.8801 -0.0175772 0.0206777 0.999632 -0.548971
0.638196 0.769852 -0.00585286 -1.38327 -0.769702 0.637875 -0.0259732 14.9719 -0.0162621 0.0210809 0.999646 -0.539829
0.618659 0.785659 -0.00141048 -1.33398 -0.785314 0.618332 -0.0307929 17.3221 -0.0233205 0.0201579 0.999525 -0.526241
0.61224 0.79067 -0.00161565 -1.29258 -0.79034 0.611923 -0.0302032 19.2076 -0.0228921 0.0197685 0.999542 -0.515285
0.606403 0.795157 3.72408e-05 -1.20944 -0.794946 0.606243 -0.0230344 21.6429 -0.0183385 0.0139385 0.999735 -0.509926
0.598636 0.800998 -0.00613177 -1.11732 -0.80088 0.598368 -0.0233904 24.1015 -0.0150666 0.0189131 0.999708 -0.506945
0.593293 0.804986 -0.000412183 -1.01282 -0.804677 0.593051 -0.0280088 25.9944 -0.0223022 0.0169491 0.999608 -0.500388
0.590759 0.806848 0.000648812 -0.867641 -0.806515 0.590538 -0.0282581 28.3264 -0.0231831 0.0161705 0.9996 -0.490222
0.591074 0.806617 -0.000572405 -0.734378 -0.806315 0.590833 -0.0277869 30.5631 -0.0220752 0.0168856 0.999614 -0.478567
0.595186 0.803556 -0.00725443 -0.609646 -0.803463 0.594909 -0.0230178 32.7322 -0.0141804 0.0195286 0.999709 -0.465833
0.601936 0.798541 -0.00247313 -0.510483 -0.798519 0.60189 -0.00975821 34.8546 -0.00630377 0.00784866 0.999949 -0.457979
0.60719 0.794489 -0.0103421 -0.429633 -0.794556 0.607152 -0.00688163 36.9437 0.000811829 0.0123958 0.999923 -0.453623
0.611569 0.791158 -0.0072918 -0.354052 -0.791183 0.611495 -0.0101129 38.9986 -0.00354197 0.0119539 0.999922 -0.450154
0.6117 0.791076 -0.00472693 -0.282186 -0.791057 0.61161 -0.0127489 41.0296 -0.00719432 0.0115378 0.999908 -0.447315
0.610418 0.792039 -0.00802625 -0.205254 -0.792076 0.610353 -0.00919013 43.0334 -0.00238009 0.0119672 0.999926 -0.436962
0.601276 0.798936 -0.0129748 -0.124708 -0.799036 0.601131 -0.0135157 45.0185 -0.00299863 0.018494 0.999824 -0.421274
0.596911 0.802177 -0.01446 -0.0430196 -0.802308 0.596806 -0.0111816 47.0888 -0.000339819 0.0182758 0.999833 -0.417322
0.596413 0.802628 -0.00892053 0.0394794 -0.802678 0.59638 -0.00627195 49.2187 0.000285978 0.010901 0.999941 -0.421529
0.596347 0.802686 -0.00813504 0.140166 -0.802727 0.596325 -0.00517905 51.4911 0.000693981 0.00961873 0.999954 -0.418564
0.597558 0.80178 -0.00852329 0.230853 -0.801823 0.597546 -0.0041523 53.3887 0.00176383 0.00931541 0.999955 -0.412204
0.599248 0.800524 -0.00793557 0.321624 -0.800563 0.599225 -0.00526201 55.2927 0.000542836 0.00950618 0.999955 -0.404595
0.601321 0.798891 -0.0136265 0.435509 -0.798999 0.601306 -0.00568512 57.6992 0.00365189 0.0143061 0.999891 -0.390104
0.601849 0.798572 -0.00771812 0.526619 -0.798582 0.60172 -0.0141218 59.6244 -0.00663316 0.0146628 0.99987 -0.378511
0.597714 0.801684 -0.00643548 0.643974 -0.801668 0.597582 -0.0149744 61.9394 -0.008159 0.0141095 0.999867 -0.364437
0.595134 0.803542 -0.0116734 0.761369 -0.803626 0.595049 -0.0101429 64.2543 -0.00120401 0.0154174 0.99988 -0.350364
0.592337 0.805553 -0.0148607 0.866877 -0.805676 0.592335 -0.00498312 66.4277 0.00478832 0.0149246 0.999877 -0.3296
0.589599 0.807592 -0.0129619 0.97232 -0.807683 0.589605 -0.00374774 68.6005 0.00461575 0.0126788 0.999909 -0.308797
0.582668 0.812547 -0.0162954 1.13251 -0.812692 0.582672 -0.00495945 70.8316 0.00546507 0.0161328 0.999855 -0.282296
0.568784 0.822387 -0.0128228 1.29287 -0.82248 0.568645 -0.0130255 73.0629 -0.00342034 0.0179552 0.999833 -0.255779
0.560973 0.827744 -0.0121813 1.46603 -0.827825 0.560837 -0.0129631 74.9915 -0.00389844 0.0173559 0.999842 -0.230179
0.558101 0.829699 -0.0110813 1.63933 -0.829746 0.557924 -0.015583 76.9204 -0.00674666 0.0178915 0.999817 -0.204566
0.559774 0.828636 0.00400834 1.8149 -0.82842 0.559728 -0.0206015 78.8985 -0.0193147 0.00821159 0.99978 -0.187478
0.566779 0.823836 0.00740212 1.99277 -0.823516 0.566776 -0.0242143 80.9259 -0.024144 0.00762841 0.999679 -0.178922
0.577151 0.816637 0.000838899 2.17049 -0.816374 0.576991 -0.0248019 82.9533 -0.0207381 0.0136296 0.999692 -0.170342
0.585308 0.810805 -0.00322159 2.29744 -0.810571 0.585033 -0.0266598 85.0442 -0.0197312 0.0182155 0.999639 -0.151523
0.586968 0.809593 -0.00522206 2.42441 -0.809536 0.586815 -0.0172926 87.1353 -0.0109356 0.0143776 0.999837 -0.132703
0.578651 0.815528 -0.00874978 2.57695 -0.815401 0.578273 -0.0268763 89.2571 -0.0168586 0.0226866 0.9996 -0.115437
0.569422 0.822045 0.00107559 2.75478 -0.821717 0.569231 -0.0275206 91.4095 -0.0232355 0.014787 0.999621 -0.0997014
0.563524 0.826099 -0.000272153 2.93267 -0.825941 0.56341 -0.0197961 93.5621 -0.0162002 0.0113804 0.999804 -0.0842606
0.559562 0.828773 0.00509007 3.12264 -0.82855 0.559538 -0.0205517 95.7485 -0.0198808 0.00728258 0.999776 -0.115566
0.558282 0.829634 0.0053754 3.31258 -0.82938 0.558254 -0.02193 97.9347 -0.0211947 0.00778486 0.999745 -0.146868
0.559737 0.828649 0.00589376 3.50736 -0.828248 0.559664 -0.0279379 100.166 -0.0264493 0.0107564 0.999592 -0.162073
0.563477 0.826069 0.0101596 3.70686 -0.825597 0.563512 -0.0290402 102.441 -0.0297143 0.00797579 0.999527 -0.161794
0.566935 0.823694 0.010614 3.90617 -0.823262 0.566993 -0.0275461 104.717 -0.0287076 0.0068788 0.999564 -0.161613
0.568874 0.822377 0.00884553 4.09133 -0.821896 0.568862 -0.0297174 107.058 -0.0294708 0.00963538 0.999519 -0.169402
0.572034 0.820176 0.00942926 4.27653 -0.819678 0.572032 -0.0301225 109.398 -0.0300996 0.00950211 0.999502 -0.177195
0.574808 0.818257 0.00719436 4.45149 -0.817701 0.574706 -0.0328225 111.75 -0.0309919 0.0129838 0.999435 -0.180319
0.577553 0.816339 0.00477483 4.61676 -0.815664 0.577296 -0.0377072 114.112 -0.0335383 0.0178832 0.999277 -0.178992
0.580152 0.814467 0.0081928 4.78172 -0.813859 0.580062 -0.0340827 116.474 -0.0325116 0.0131054 0.999385 -0.17772
0.581432 0.813483 0.013476 4.92939 -0.812932 0.581548 -0.0307117 118.83 -0.0328204 0.00690171 0.999437 -0.179467
0.581961 0.813094 0.0141315 5.07703 -0.812375 0.582061 -0.0353922 121.185 -0.0370026 0.00911684 0.999274 -0.181214
0.583068 0.812375 0.00886126 5.22256 -0.811642 0.58295 -0.0374888 123.528 -0.0356206 0.0146663 0.999258 -0.18223
0.583323 0.812048 0.0176436 5.36607 -0.811443 0.583575 -0.0316346 125.857 -0.0359852 0.00413643 0.999344 -0.182558
0.582145 0.812937 0.0155077 5.50956 -0.812045 0.582259 -0.0394537 128.184 -0.0411029 0.0103748 0.999101 -0.182856
0.580622 0.813986 0.017458 5.65205 -0.812868 0.580772 -0.0441432 130.44 -0.0460711 0.0114395 0.998873 -0.181481
0.580586 0.814053 0.0154174 5.79454 -0.813273 0.580725 -0.0366733 132.696 -0.0388072 0.00875348 0.999208 -0.180107
0.581381 0.813596 0.00757574 5.92966 -0.812898 0.581227 -0.0370565 134.908 -0.0345522 0.0153856 0.999284 -0.175721
0.581472 0.813481 0.0117575 6.0581 -0.812933 0.581529 -0.0310355 137.081 -0.0320841 0.00848818 0.999449 -0.168588
0.582335 0.812825 0.0142125 6.18663 -0.81222 0.582464 -0.0321515 139.253 -0.0344118 0.0071793 0.999382 -0.161642
0.581273 0.813634 0.0110295 6.31829 -0.813223 0.581341 -0.0266754 141.337 -0.0281159 0.00653621 0.999583 -0.161961
0.578743 0.815444 0.0103589 6.44994 -0.814912 0.578758 -0.0309465 143.421 -0.0312304 0.00946845 0.999467 -0.16228
0.576301 0.817141 0.0126087 6.58648 -0.816726 0.576417 -0.0264937 145.437 -0.0289169 0.00497047 0.999569 -0.157825
0.57336 0.819236 0.010548 6.72738 -0.818763 0.573401 -0.0289487 147.394 -0.029764 0.00796167 0.999525 -0.149109
0.567849 0.822925 0.0185177 6.86918 -0.822568 0.568148 -0.0242702 149.341 -0.0304934 -0.00145031 0.999534 -0.142165
0.548189 0.836162 0.0179521 7.08496 -0.835603 0.54848 -0.0306323 151.359 -0.0354599 0.00179142 0.99937 -0.209707
0.510945 0.859408 0.0188139 7.30438 -0.858816 0.511291 -0.0318945 153.367 -0.0370298 0.000138626 0.999314 -0.275506
0.434178 0.900509 0.0239262 7.7394 -0.900168 0.434723 -0.0267124 155.31 -0.0344561 -0.00993967 0.999357 -0.272679
0.291403 0.956597 0.00268118 8.30054 -0.956108 0.291342 -0.0312518 157.077 -0.0306765 0.00654336 0.999508 -0.262822
0.0833493 0.996491 -0.0076453 9.09066 -0.996311 0.0831719 -0.021152 158.526 -0.0204419 0.0093801 0.999747 -0.240203
-0.129566 0.991263 -0.0247026 10.0639 -0.991516 -0.12978 -0.00723464 159.586 -0.0103773 0.0235557 0.999669 -0.208108
-0.333336 0.941885 -0.0417025 11.1323 -0.942796 -0.33323 0.00968773 160.466 -0.00477177 0.0425462 0.999083 -0.170226
-0.494483 0.868111 -0.0432448 12.4174 -0.869183 -0.494032 0.0212985 160.966 -0.0028749 0.0481194 0.998837 -0.0914561
-0.649693 0.759088 -0.0410362 14.0579 -0.760182 -0.64907 0.0288366 161.497 -0.00474586 0.04993 0.998741 0.00995893
-0.732204 0.679446 -0.0472212 16.1091 -0.681042 -0.731178 0.0395039 161.741 -0.00768635 0.0610845 0.998103 0.140178
-0.774778 0.630071 -0.0522346 17.9088 -0.631893 -0.774422 0.0313307 161.847 -0.020711 0.0572811 0.998143 0.256876
-0.797286 0.60034 -0.0626699 20.2108 -0.602534 -0.797747 0.0234873 161.818 -0.0358943 0.0564869 0.997758 0.4098
-0.804972 0.590773 -0.054847 22.222 -0.592598 -0.805095 0.0254631 161.762 -0.0291141 0.0529993 0.99817 0.531953
-0.809113 0.585439 -0.0509603 24.287 -0.586888 -0.80944 0.0192487 161.688 -0.0299803 0.0454824 0.998515 0.65109
-0.813513 0.579116 -0.0531137 26.4572 -0.580742 -0.813795 0.0218277 161.586 -0.030583 0.0486025 0.99835 0.768545
-0.814549 0.577679 -0.0528836 28.6877 -0.579396 -0.814654 0.0252871 161.468 -0.028474 0.0512381 0.99828 0.885058
-0.810979 0.582809 -0.051458 30.992 -0.584342 -0.811226 0.0213575 161.356 -0.0292968 0.0473895 0.998447 1.00929
-0.803683 0.592183 -0.0584219 32.8689 -0.594181 -0.80395 0.0247647 161.268 -0.0323031 0.0546161 0.997985 1.11218
-0.797169 0.600812 -0.0595535 35.2654 -0.602687 -0.797744 0.0192937 161.162 -0.0359166 0.0512724 0.998039 1.24
-0.795607 0.602483 -0.0634241 37.2329 -0.604567 -0.796318 0.0193864 161.082 -0.0388258 0.0537681 0.997798 1.34139
-0.795828 0.602751 -0.05787 39.2069 -0.604773 -0.795959 0.026431 161.003 -0.0301308 0.0560328 0.997974 1.44383
-0.797137 0.601514 -0.0524794 41.295 -0.603377 -0.796814 0.0319978 160.949 -0.0225692 0.0571715 0.998109 1.56514
-0.799858 0.598297 -0.047629 43.3833 -0.59991 -0.799386 0.0330099 160.896 -0.0183243 0.0549763 0.99832 1.68646
-0.801567 0.596238 -0.0446166 45.5223 -0.597737 -0.800877 0.0361488 160.826 -0.0141792 0.0556447 0.99835 1.80887
-0.803571 0.593272 -0.0479718 47.7023 -0.595051 -0.802601 0.0417866 160.743 -0.0137114 0.0621241 0.997974 1.93218
-0.80663 0.589858 -0.0376142 49.886 -0.590918 -0.806184 0.029713 160.659 -0.0127975 0.0461943 0.998851 2.05498
-0.809898 0.584989 -0.0430451 52.1438 -0.586418 -0.809181 0.036617 160.554 -0.0134107 0.0548985 0.998402 2.16928
-0.813289 0.580493 -0.0398651 54.4011 -0.581737 -0.812617 0.0351481 160.448 -0.0119918 0.0517765 0.998587 2.28354
-0.816444 0.576625 -0.0303765 56.6264 -0.577342 -0.816087 0.0260324 160.327 -0.00977894 0.0387916 0.999199 2.38832
-0.817894 0.573852 -0.0417521 58.8264 -0.575145 -0.817444 0.0315217 160.194 -0.0160412 0.0497949 0.998631 2.48559
-0.817627 0.573782 -0.0475491 61.0184 -0.575303 -0.817451 0.0282837 160.06 -0.0226403 0.0504807 0.998468 2.58268
-0.815795 0.57623 -0.0493709 63.0808 -0.577474 -0.81627 0.01502 159.913 -0.031645 0.0407637 0.998668 2.67667
-0.813521 0.578829 -0.0560367 65.1438 -0.580492 -0.814052 0.0186656 159.766 -0.0348126 0.0477138 0.998254 2.77068
-0.81266 0.579697 -0.0594627 67.2197 -0.581741 -0.813002 0.024598 159.639 -0.0340839 0.0545817 0.997927 2.85904
-0.813446 0.579244 -0.0527404 69.3065 -0.580531 -0.814147 0.0121424 159.527 -0.035905 0.0404946 0.998534 2.94297
-0.813412 0.578759 -0.0582943 71.3931 -0.580208 -0.814402 0.0103848 159.417 -0.0414647 0.04227 0.998245 3.02714
-0.813658 0.577272 -0.0686879 73.4818 -0.579876 -0.81431 0.0253575 159.326 -0.041295 0.0604628 0.997316 3.11483
-0.812512 0.579414 -0.0640585 75.5704 -0.58183 -0.812839 0.0276777 159.235 -0.0360324 0.0597596 0.997562 3.20252
-0.813717 0.577502 -0.0660046 77.6231 -0.580566 -0.813039 0.043707 159.138 -0.0284235 0.0738851 0.996862 3.29528
-0.814573 0.576896 -0.0605102 79.6485 -0.579247 -0.814517 0.0321858 159.036 -0.0307187 0.061268 0.997649 3.39195
-0.814696 0.577922 -0.0477054 81.6718 -0.579354 -0.814716 0.0242192 158.934 -0.0248696 0.0473697 0.998568 3.4873
-0.817701 0.574676 -0.0333532 83.6719 -0.575574 -0.817127 0.0319049 158.817 -0.00891886 0.0452859 0.998934 3.56464
-0.81929 0.571772 -0.0429073 85.6723 -0.573097 -0.818938 0.0300046 158.7 -0.0179826 0.0491725 0.998628 3.64198
-0.819565 0.572103 -0.0317957 87.63 -0.572872 -0.819247 0.02553 158.589 -0.0114427 0.0391384 0.999168 3.70668
-0.820218 0.571083 -0.0332569 89.5559 -0.571923 -0.819875 0.0266018 158.482 -0.0120747 0.0408397 0.999093 3.76195
-0.822263 0.567675 -0.0403504 91.4845 -0.568773 -0.822141 0.0241001 158.373 -0.0194927 0.0427669 0.998895 3.81914
-0.82346 0.56551 -0.0459599 93.4495 -0.56701 -0.823128 0.0309777 158.239 -0.0203127 0.0515687 0.998463 3.90007
-0.823806 0.565159 -0.0440332 95.4138 -0.566226 -0.824088 0.0163339 158.104 -0.027056 0.0383887 0.998897 3.98097
-0.823427 0.565559 -0.0459515 97.372 -0.566884 -0.82347 0.0232107 157.978 -0.0247127 0.0451615 0.998674 4.05484
-0.822362 0.567176 -0.045089 99.3266 -0.568322 -0.822615 0.0177245 157.857 -0.027038 0.040201 0.998826 4.12358
-0.820423 0.569668 -0.0488311 101.276 -0.571145 -0.820501 0.0239031 157.736 -0.0264492 0.0475003 0.998521 4.19512
-0.819465 0.570446 -0.0553879 103.167 -0.572388 -0.819488 0.0284821 157.611 -0.0291422 0.0550435 0.998059 4.29891
-0.818647 0.571079 -0.0607094 105.058 -0.573258 -0.818943 0.0266086 157.486 -0.034522 0.0565852 0.997801 4.40271
-0.814531 0.576576 -0.0640287 107.344 -0.578818 -0.815129 0.0231224 157.348 -0.0388599 0.0558948 0.99768 4.52188
-0.809983 0.583102 -0.0626056 109.591 -0.585141 -0.81069 0.0198029 157.22 -0.0392066 0.0526732 0.997842 4.63566
-0.807821 0.58687 -0.0548599 111.757 -0.588511 -0.808253 0.0195398 157.117 -0.0328733 0.0480704 0.998303 4.75155
-0.805515 0.59006 -0.0545326 113.881 -0.591725 -0.805874 0.0207151 157.026 -0.0317232 0.0489547 0.998297 4.8685
-0.804212 0.592051 -0.0521396 115.937 -0.593701 -0.804322 0.0241897 156.959 -0.0276155 0.0504089 0.998347 4.97003
-0.803378 0.593439 -0.0491265 117.959 -0.594875 -0.803526 0.0216784 156.902 -0.0266096 0.0466401 0.998557 5.06394
-0.801229 0.59608 -0.0521567 119.886 -0.597595 -0.801561 0.0194881 156.844 -0.0301903 0.046783 0.998449 5.15547
-0.798181 0.600672 -0.0458382 121.765 -0.602123 -0.797858 0.029503 156.785 -0.0188508 0.051149 0.998513 5.24587
-0.797379 0.601786 -0.0451683 123.851 -0.603156 -0.797165 0.0270346 156.718 -0.0197375 0.0488004 0.998614 5.35227
-0.806824 0.589326 -0.0415967 125.856 -0.59021 -0.807153 0.0124679 156.647 -0.0262273 0.0346102 0.999057 5.45591
-0.846546 0.530395 -0.0451744 127.915 -0.531564 -0.846808 0.018833 156.472 -0.0282651 0.0399561 0.998802 5.54156
-0.905292 0.423457 -0.0336218 129.768 -0.424149 -0.905437 0.0167834 156.136 -0.0233353 0.0294545 0.999294 5.53242
-0.962154 0.271189 -0.0267452 131.43 -0.271695 -0.962225 0.0174694 155.637 -0.0209974 0.0240748 0.99949 5.48432
-0.997143 0.0708607 -0.0261702 132.819 -0.0713608 -0.997275 0.0186966 154.865 -0.024774 0.0205107 0.999483 5.50992
-0.987077 -0.15892 -0.0205706 134.027 0.158032 -0.986651 0.0393121 153.735 -0.0265435 0.0355533 0.999015 5.57161
-0.93602 -0.351914 -0.00476487 134.968 0.351388 -0.935212 0.0436524 152.475 -0.0198181 0.0391852 0.999035 5.64284
-0.855151 -0.51836 0.00438125 135.668 0.518234 -0.854681 0.0308892 151.101 -0.0122672 0.0286855 0.999513 5.70781
-0.75176 -0.659346 0.0109661 136.117 0.659422 -0.751527 0.0192467 149.582 -0.0044489 0.0217002 0.999755 5.75497
-0.664418 -0.746969 0.0241877 136.274 0.747352 -0.664222 0.0165877 147.864 0.00367544 0.0290979 0.99957 5.78973
-0.613035 -0.789721 0.0229787 136.33 0.79002 -0.613024 0.00836628 145.975 0.00747944 0.0232824 0.999701 5.83171
-0.598805 -0.800347 0.0296217 136.342 0.800862 -0.598706 0.0130684 143.908 0.00727548 0.0315483 0.999476 5.86635
-0.596214 -0.802291 0.0292828 136.332 0.802709 -0.596353 0.00470052 141.893 0.0136917 0.0263081 0.99956 5.89482
-0.592866 -0.80479 0.0286954 136.299 0.805166 -0.593042 0.00283963 139.806 0.0147323 0.0247881 0.999584 5.93423
-0.584556 -0.810904 0.0270006 136.23 0.811307 -0.584555 0.00875526 137.557 0.00868367 0.0270237 0.999597 5.97315
-0.574032 -0.818398 0.0266761 136.151 0.81875 -0.574134 0.004459 135.584 0.0116664 0.0244006 0.999634 6.00525
-0.570571 -0.820814 0.0267218 136.052 0.821129 -0.570741 0.00149376 133.595 0.0140251 0.0227943 0.999642 6.03502
-0.568653 -0.822217 0.0243739 135.944 0.822494 -0.568768 0.00255426 131.598 0.011763 0.0214999 0.9997 6.06376
-0.566756 -0.823188 0.0338828 135.821 0.823746 -0.566938 0.00490577 129.502 0.0151711 0.0306912 0.999414 6.10237
-0.563997 -0.825326 0.0272883 135.692 0.825704 -0.564079 0.00531638 127.364 0.011005 0.0255305 0.999613 6.14535
-0.558856 -0.828725 0.0299189 135.547 0.8291 -0.5591 0.00027304 125.164 0.0165014 0.0249584 0.999552 6.17843
-0.549728 -0.83456 0.0361883 135.395 0.83506 -0.550154 -0.00222451 122.937 0.0217656 0.0289965 0.999343 6.20717
-0.547797 -0.835874 0.0351092 135.241 0.836271 -0.548289 -0.00553419 121.081 0.0238759 0.0263292 0.999368 6.24152
-0.539678 -0.841356 0.0294575 135.066 0.841686 -0.539963 -0.0020861 119.179 0.0176611 0.0236682 0.999564 6.2828
-0.536917 -0.843127 0.0292744 134.893 0.843524 -0.537086 0.00244113 117.282 0.0136647 0.0260043 0.999568 6.32317
-0.536065 -0.843678 0.0290015 134.682 0.844072 -0.536223 0.00270884 114.957 0.0132659 0.0259314 0.999576 6.36578
-0.538846 -0.842071 0.0237014 134.478 0.84231 -0.538993 0.000225937 112.648 0.0125846 0.0200857 0.999719 6.39886
-0.541448 -0.840455 0.021671 134.328 0.840711 -0.541445 0.0065037 110.478 0.00626759 0.0217405 0.999744 6.34758
-0.544674 -0.838348 0.0224294 134.179 0.838611 -0.544705 0.00522386 108.327 0.00783802 0.0216549 0.999735 6.30364
-0.553981 -0.832174 0.0243018 134.026 0.83248 -0.554028 0.00535793 106.337 0.00900513 0.0231989 0.99969 6.32378
-0.571873 -0.820088 0.0204158 133.868 0.820275 -0.571968 0.00139262 104.003 0.0105351 0.017543 0.999791 6.34276
-0.585382 -0.810434 0.0229029 133.786 0.810682 -0.58548 0.00285914 101.826 0.0110921 0.0202407 0.999734 6.34656
-0.588317 -0.808289 0.0234993 133.72 0.808553 -0.588415 0.00322702 99.5424 0.011219 0.0208989 0.999719 6.35799
-0.588899 -0.807725 0.0278935 133.675 0.808069 -0.589085 0.0019051 97.5771 0.0148929 0.0236618 0.999609 6.37198
-0.5901 -0.806936 0.0252 133.669 0.807168 -0.59032 -0.00159306 95.3811 0.0161616 0.0194006 0.999681 6.3424
-0.589756 -0.807214 0.0243652 133.679 0.807394 -0.590001 -0.0037796 93.0893 0.0174265 0.0174433 0.999696 6.29471
-0.588035 -0.808501 0.0232406 133.675 0.808712 -0.588205 -0.000577545 90.7176 0.0141372 0.0184553 0.99973 6.26244
-0.584474 -0.811076 0.0233886 133.666 0.811268 -0.584671 -0.00201207 88.3128 0.0153066 0.0177984 0.999724 6.23647
-0.578376 -0.815293 0.0278979 133.603 0.815368 -0.578826 -0.011605 85.9762 0.0256095 0.016035 0.999543 6.25125
-0.567993 -0.822638 0.0255035 133.519 0.82263 -0.568412 -0.0136829 83.6668 0.0257526 0.0132082 0.999581 6.2826
-0.557658 -0.829689 0.0251538 133.395 0.829824 -0.557975 -0.00746549 81.3839 0.0202292 0.01671 0.999656 6.31216
-0.549787 -0.835056 0.020388 133.255 0.835177 -0.549966 -0.00402981 79.1108 0.0145778 0.0148121 0.999784 6.34102
-0.544041 -0.83893 0.014696 133.101 0.83901 -0.544115 -0.00124697 77.2897 0.00904244 0.0116517 0.999891 6.33948
-0.535282 -0.844529 0.0156094 132.878 0.844569 -0.535415 -0.00581716 75.0108 0.0132702 0.0100694 0.999861 6.32044
-0.525931 -0.850449 0.0115677 132.662 0.850392 -0.526041 -0.0106606 72.6889 0.0151513 0.00423036 0.999876 6.28629
-0.520442 -0.853799 0.0129313 132.494 0.853792 -0.520556 -0.00775408 70.7988 0.0133519 0.00700513 0.999886 6.24762
-0.523689 -0.85186 0.00922725 132.338 0.851852 -0.523749 -0.00597768 68.9004 0.0099249 0.00472981 0.99994 6.20539
-0.537042 -0.843523 0.00738617 132.248 0.843549 -0.537052 0.000815371 66.9543 0.00327897 0.00666848 0.999972 6.14249
-0.557019 -0.830488 0.0044231 132.157 0.830487 -0.557032 -0.00267425 65.0082 0.00468474 0.00218372 0.999987 6.07958
-0.57689 -0.816805 0.00534585 132.071 0.816817 -0.576898 0.000157116 63.0305 0.00295568 0.00445722 0.999986 6.04069
-0.587434 -0.809236 0.0076644 131.988 0.809264 -0.587444 0.00102828 61.035 0.00367028 0.00680656 0.99997 6.01489
-0.589372 -0.80778 0.0114694 131.909 0.807845 -0.589392 0.00196458 59.0326 0.005173 0.0104233 0.999932 5.98759
-0.58714 -0.809465 0.00581626 131.854 0.809481 -0.587144 0.00107603 56.9877 0.00254397 0.00533994 0.999983 5.95203
-0.585921 -0.810329 0.00796684 131.799 0.810364 -0.58592 0.00265957 54.9426 0.00251281 0.00801434 0.999965 5.91646
-0.585686 -0.810431 0.0131522 131.741 0.810475 -0.585766 -0.00295213 52.8439 0.0100966 0.00893054 0.999909 5.91252
-0.588848 -0.808116 0.0144032 131.681 0.80801 -0.589013 -0.0135681 50.7166 0.0194483 0.00364839 0.999804 5.92539
-0.585423 -0.810632 0.0124958 131.619 0.810525 -0.585551 -0.013358 48.5824 0.0181454 0.0023081 0.999833 5.93527
-0.581308 -0.813589 0.0124489 131.542 0.813588 -0.581406 -0.00643348 46.4104 0.0124721 0.00638848 0.999902 5.92892
-0.576323 -0.817174 0.00884567 131.466 0.817176 -0.576372 -0.00438655 44.2381 0.00868297 0.00470039 0.999951 5.92256
-0.573606 -0.819037 0.0124411 131.374 0.819085 -0.573669 -0.00195203 42.033 0.00873588 0.00907064 0.999921 5.92333
-0.57028 -0.821387 0.0102105 131.273 0.82142 -0.570322 -0.00161521 39.811 0.00714998 0.00746597 0.999947 5.9278
-0.568531 -0.822643 0.00560252 131.173 0.822636 -0.568554 -0.00395788 37.5804 0.00644126 0.00235866 0.999976 5.92996
-0.566353 -0.824071 0.0123085 131.073 0.824115 -0.566418 -0.00223137 35.3088 0.00881055 0.00887987 0.999922 5.92009
-0.566046 -0.824252 0.0141859 130.973 0.824326 -0.566115 -0.0010593 33.037 0.00890395 0.0110942 0.999899 5.91021
-0.565398 -0.824708 0.013485 130.87 0.824767 -0.56547 -0.00190268 30.7335 0.00919452 0.0100462 0.999907 5.91467
-0.564814 -0.825176 0.00836627 130.765 0.8252 -0.56484 -0.00097692 28.4146 0.00553174 0.00635207 0.999965 5.92642
-0.563219 -0.826164 0.0153977 130.651 0.826272 -0.56327 0.00119012 26.0718 0.00768981 0.013393 0.999881 5.93547
-0.559348 -0.828718 0.0188763 130.528 0.828809 -0.559513 -0.00458946 24.2266 0.0143649 0.0130778 0.999811 5.93185
-0.549337 -0.835409 0.0179053 130.365 0.835521 -0.549455 -0.00210845 21.7663 0.0115996 0.013802 0.999837 5.92703
-0.538839 -0.842336 0.0110834 130.224 0.842409 -0.538791 0.00717988 19.9007 -7.62423e-05 0.0132055 0.999913 5.92381
-0.527828 -0.849346 -0.00297985 130.017 0.8492 -0.527797 0.0170178 17.9613 -0.0160267 0.00645197 0.999851 5.92199
-0.517181 -0.855873 -0.00226931 129.81 0.855688 -0.517121 0.0196156 16.0233 -0.017962 0.00820299 0.999805 5.92017
-0.505065 -0.863061 -0.00589566 129.603 0.86265 -0.505017 0.0281651 14.0844 -0.0272856 0.0091393 0.999586 5.91834
-0.494943 -0.868923 -0.00223816 129.377 0.868127 -0.494596 0.0416005 12.1185 -0.0372546 0.0186468 0.999132 5.84987
-0.488182 -0.872713 -0.00709634 129.148 0.871858 -0.488038 0.0410134 10.1494 -0.0392562 0.013835 0.999133 5.77342
-0.484837 -0.874498 -0.0136289 128.92 0.873369 -0.484921 0.045575 8.17977 -0.0464642 0.0101934 0.998868 5.69695
-0.482139 -0.876033 -0.0104098 128.673 0.875052 -0.482111 0.0430423 6.24177 -0.0427251 0.0116432 0.999019 5.64989
-0.486201 -0.873813 -0.00775154 128.412 0.872554 -0.485945 0.0500689 4.32811 -0.0475176 0.0175799 0.998716 5.62569
-0.49287 -0.870045 -0.0100418 128.151 0.869132 -0.492832 0.0415502 2.41515 -0.0410994 0.0117512 0.999086 5.60149
-0.502959 -0.864262 -0.00918245 127.906 0.863201 -0.502823 0.0453024 0.515018 -0.0437703 0.0148589 0.998931 5.58277
-0.515402 -0.856911 -0.00804349 127.71 0.855824 -0.515184 0.0463824 -1.3414 -0.0438895 0.0170218 0.998891 5.58235
-0.530083 -0.84793 -0.00522906 127.448 0.847087 -0.529813 0.0417344 -3.81698 -0.0381583 0.0176932 0.999115 5.58178
-0.537315 -0.843217 -0.0166434 127.266 0.842368 -0.537532 0.0384046 -5.63793 -0.0413298 0.0066155 0.999124 5.57762
-0.541451 -0.840572 -0.0164258 127.085 0.839165 -0.54153 0.0504653 -7.9091 -0.0513148 0.0135405 0.998591 5.55568
-0.540283 -0.841283 -0.0183358 126.904 0.839875 -0.540469 0.0500294 -10.1806 -0.0519988 0.0116303 0.998579 5.53374
-0.53756 -0.843006 -0.0192232 126.73 0.841837 -0.537843 0.0451156 -12.283 -0.0483718 0.00806955 0.998797 5.52537
-0.530195 -0.847876 9.8737e-05 126.542 0.847086 -0.529696 0.0432099 -14.5004 -0.0365843 0.0229933 0.999066 5.52324
-0.482818 -0.875676 0.00887268 126.269 0.875504 -0.482449 0.0271055 -16.4786 -0.019455 0.0208551 0.999593 5.49959
-0.253169 -0.967312 0.0145733 125.725 0.967154 -0.252716 0.0273482 -17.972 -0.0227713 0.0210183 0.99952 5.49617
0.0868098 -0.996119 0.01452 124.796 0.995787 0.0871945 0.0283782 -19.029 -0.0295341 0.0119953 0.999492 5.36449
0.406906 -0.913012 0.0289387 123.576 0.912632 0.407685 0.0299184 -19.7454 -0.0391137 0.0142364 0.999133 5.18929
0.642992 -0.765157 0.0331128 121.934 0.764561 0.64382 0.0307086 -20.2465 -0.0448156 0.00557132 0.99898 4.99105
0.759722 -0.649857 0.0225413 119.791 0.649201 0.76001 0.0303854 -20.4149 -0.0368778 -0.00845062 0.999284 4.80856
0.773357 -0.633787 0.0152652 117.972 0.633451 0.773474 0.0218686 -20.4769 -0.0256673 -0.00724246 0.999644 4.72318
0.779227 -0.626612 0.0127607 115.643 0.625975 0.77912 0.0335718 -20.4474 -0.0309786 -0.0181721 0.999355 4.72047
0.779481 -0.626162 0.0182036 113.718 0.62515 0.779418 0.0411726 -20.4078 -0.0399689 -0.0207133 0.998986 4.71509
0.778508 -0.627534 0.0112282 111.53 0.627052 0.778432 0.0291405 -20.2995 -0.027027 -0.0156454 0.999512 4.69595
0.776377 -0.630258 0.00366033 109.341 0.629897 0.776106 0.0298352 -20.1913 -0.0216447 -0.0208578 0.999548 4.67682
0.772435 -0.635068 0.00578406 106.913 0.634514 0.772086 0.0357072 -20.0712 -0.0271423 -0.0239114 0.999346 4.6299
0.769177 -0.639031 0.00257062 105.012 0.638559 0.768752 0.0355219 -19.9772 -0.0246758 -0.0256811 0.999366 4.5855
0.764994 -0.643973 0.00910285 103.111 0.643174 0.764624 0.0409506 -19.8831 -0.0333313 -0.0254722 0.99912 4.54108
0.76286 -0.646516 0.0078506 101.106 0.645849 0.762532 0.0377316 -19.7884 -0.0303804 -0.0237137 0.999257 4.48624
0.763237 -0.646001 0.0123495 99.0302 0.645021 0.762914 0.0437035 -19.6933 -0.0376541 -0.0253904 0.998968 4.42433
0.762505 -0.646788 0.0158636 96.9543 0.645881 0.762409 0.0396249 -19.5981 -0.0377235 -0.0199682 0.999089 4.36242
0.762318 -0.647095 0.0118044 94.8365 0.646302 0.762093 0.038836 -19.502 -0.0341266 -0.0219761 0.999176 4.30486
0.761823 -0.647785 -0.000604309 92.6003 0.646984 0.760834 0.0504309 -19.403 -0.0322086 -0.0388104 0.998727 4.25948
0.76098 -0.648704 0.00958311 90.3641 0.647915 0.760649 0.0402467 -19.304 -0.0333976 -0.0244179 0.999144 4.21411
0.760997 -0.648723 0.0064709 88.1278 0.648106 0.760643 0.0371619 -19.2049 -0.0290298 -0.0240862 0.999288 4.16873
0.760937 -0.648824 0.00174688 85.7964 0.648261 0.760383 0.0396895 -19.0786 -0.0270798 -0.0290687 0.999211 4.09136
0.760723 -0.649055 0.00541082 83.4577 0.648505 0.760375 0.0356542 -18.9503 -0.0272558 -0.023614 0.99935 4.01168
0.759821 -0.650118 0.00446379 81.1196 0.649435 0.759305 0.0411199 -18.822 -0.0301222 -0.0283448 0.999144 3.93203
0.759211 -0.650663 0.0153863 78.7372 0.649883 0.759161 0.0364126 -18.7015 -0.035373 -0.0176455 0.999218 3.84401
0.759401 -0.650561 0.00897747 76.3269 0.649415 0.758759 0.0504416 -18.5863 -0.0396271 -0.0324753 0.998687 3.75054
0.759426 -0.650441 0.0141109 73.9157 0.649577 0.759273 0.0394317 -18.471 -0.036362 -0.0207794 0.999123 3.65705
0.760103 -0.649796 0.00296365 71.4701 0.649095 0.75948 0.0431942 -18.3551 -0.0303182 -0.0309083 0.999062 3.5574
0.760585 -0.649201 0.00696877 68.9303 0.648538 0.760219 0.0382807 -18.2373 -0.0301497 -0.0245962 0.999243 3.44113
0.759553 -0.650402 0.00750622 66.3895 0.649646 0.759141 0.0408008 -18.1194 -0.0322352 -0.026114 0.999139 3.32482
0.758748 -0.651255 0.0129545 63.8497 0.650706 0.758716 0.0305342 -18.0016 -0.0297144 -0.0147382 0.99945 3.20854
0.758867 -0.651148 0.0112314 61.2103 0.650575 0.758756 0.0322761 -17.8902 -0.0295384 -0.0171864 0.999416 3.10517
0.757746 -0.652528 0.00529246 58.5661 0.651943 0.757366 0.0369657 -17.7792 -0.0281295 -0.0245603 0.999303 3.00261
0.757676 -0.652576 0.00839857 55.9206 0.651834 0.757325 0.0396433 -17.6681 -0.0322307 -0.0245623 0.999179 2.89998
0.757565 -0.65274 0.00499148 53.2362 0.651794 0.756839 0.048574 -17.5559 -0.0354839 -0.0335445 0.998807 2.7826
0.756811 -0.653586 0.00789099 50.5268 0.652922 0.756495 0.0375299 -17.4429 -0.0304985 -0.0232509 0.999264 2.65595
0.757492 -0.652838 0.00293663 47.8171 0.652393 0.757127 0.0337857 -17.3299 -0.02428 -0.0236766 0.999425 2.52928
0.758283 -0.651913 0.00405097 45.109 0.651545 0.758039 0.0294323 -17.2152 -0.0222581 -0.0196786 0.999559 2.40162
0.759313 -0.650724 0.00134671 42.4059 0.650403 0.759 0.029909 -17.0962 -0.0204847 -0.0218344 0.999552 2.27144
0.760595 -0.649226 0.000883243 39.7029 0.648885 0.760238 0.031421 -16.9773 -0.0210708 -0.0233255 0.999506 2.14126
0.762344 -0.647089 0.0103047 36.9998 0.646764 0.762333 0.0233596 -16.8583 -0.0229713 -0.0111434 0.999674 2.01107
0.764564 -0.64435 0.0159589 34.4147 0.643832 0.764648 0.0281686 -16.7119 -0.0303534 -0.0112618 0.999476 1.92271
0.766705 -0.641727 0.0187269 31.8352 0.641159 0.766867 0.0287957 -16.5642 -0.03284 -0.0100709 0.99941 1.83634
0.768389 -0.639765 0.0167163 29.2556 0.639113 0.768444 0.0320697 -16.4165 -0.0333626 -0.0139584 0.999346 1.74996
0.770135 -0.637646 0.0173332 26.7915 0.63682 0.770137 0.0367407 -16.2667 -0.0367764 -0.0172571 0.999174 1.65903
0.770817 -0.636845 0.0164453 24.3963 0.63616 0.770844 0.0331754 -16.1157 -0.0338043 -0.0151104 0.999314 1.56531
0.771865 -0.635711 0.00978185 22.0019 0.635093 0.771651 0.0348227 -15.9646 -0.0296853 -0.0206661 0.999346 1.47161
0.770021 -0.637843 0.0149485 19.6836 0.6372 0.770009 0.032598 -15.8209 -0.0323029 -0.015576 0.999357 1.37965
0.767477 -0.641006 0.00954665 17.5538 0.640359 0.767237 0.0358787 -15.6952 -0.030323 -0.0214228 0.999311 1.29201
0.765188 -0.64374 0.00924237 15.4239 0.643034 0.764894 0.0380001 -15.5695 -0.0315316 -0.0231341 0.999235 1.20436
0.763592 -0.645644 0.00842413 13.2938 0.64506 0.763352 0.0344979 -15.4437 -0.028704 -0.0209083 0.999369 1.1167
0.76192 -0.647634 0.00692246 11.553 0.647 0.761573 0.0373818 -15.3068 -0.0294817 -0.0240031 0.999277 0.990613
0.7624 -0.647067 0.0071256 9.25207 0.646476 0.762097 0.0357466 -15.1236 -0.0285608 -0.0226467 0.999335 0.820439
0.779119 -0.62687 0.0025841 7.11038 0.626433 0.778718 0.0343543 -14.9138 -0.023548 -0.0251473 0.999406 0.65874
0.828192 -0.560444 -0.000942865 5.13781 0.560231 0.827829 0.0289989 -14.5333 -0.0154717 -0.0245448 0.999579 0.494051
0.89243 -0.451152 0.00541084 3.26204 0.450903 0.892232 0.0246594 -14.104 -0.0159529 -0.0195671 0.999681 0.350485
0.958436 -0.285297 -0.00256727 1.83871 0.285297 0.95828 0.0174857 -13.448 -0.00252845 -0.0174913 0.999844 0.305411
0.995856 -0.090678 -0.00693804 0.484866 0.0908212 0.995572 0.0242583 -12.7128 0.00470763 -0.0247878 0.999682 0.26422
0.991829 0.127353 -0.00750725 -0.553871 -0.12714 0.991591 0.0241433 -11.6192 0.0105188 -0.0229915 0.99968 0.24062
0.92188 0.387276 -0.0124114 -1.5346 -0.387101 0.921925 0.0143903 -10.2424 0.0170154 -0.00846165 0.999819 0.225222
0.761806 0.647512 -0.0194526 -2.01406 -0.647567 0.761997 0.00419399 -8.47483 0.0175385 0.00940188 0.999802 0.239577
0.575659 0.817299 -0.0252859 -1.90113 -0.81769 0.575349 -0.0189019 -6.52402 -0.000900303 0.0315571 0.999502 0.303212
0.515932 0.856396 -0.0200054 -1.55399 -0.856568 0.515476 -0.0239759 -4.52046 -0.0102206 0.029506 0.999512 0.325273
0.540637 0.841032 -0.0194334 -1.21823 -0.841141 0.540037 -0.029002 -2.91909 -0.0138968 0.0320257 0.99939 0.318631
0.600025 0.799897 -0.0116567 -0.918575 -0.799482 0.599072 -0.0440631 -1.01602 -0.0282627 0.0357582 0.998961 0.283103
0.665814 0.746091 -0.0063858 -0.628767 -0.745447 0.664827 -0.0481077 0.968881 -0.0316472 0.036791 0.998822 0.239726
0.722015 0.691876 0.001347 -0.645192 -0.690836 0.721034 -0.0534356 3.17485 -0.037942 0.0376507 0.99857 0.345959
0.752895 0.65814 0.000553833 -0.723846 -0.657013 0.751654 -0.0578871 4.98675 -0.0385141 0.0432191 0.998323 0.462944
0.763879 0.645325 0.00669258 -0.850766 -0.644076 0.762972 -0.0551442 6.9008 -0.0406922 0.037813 0.998456 0.599656
0.766755 0.641883 0.00851506 -1.02791 -0.64078 0.7661 -0.0499202 8.9213 -0.0385663 0.0328203 0.998717 0.756902
0.765316 0.643408 0.0178293 -1.20499 -0.642246 0.765179 -0.0449627 10.9412 -0.042572 0.0229599 0.99883 0.914097
0.750274 0.660883 0.0179779 -1.31329 -0.659642 0.750133 -0.0466207 13.0329 -0.0442966 0.0231193 0.998751 0.996292
0.728171 0.685257 0.0137915 -1.4208 -0.68429 0.727992 -0.042142 15.1256 -0.0389182 0.0212492 0.999016 1.07762
0.704531 0.709544 0.0135557 -1.42334 -0.70857 0.704372 -0.0422964 17.2602 -0.0395594 0.0201939 0.999013 1.10902
0.680871 0.732263 0.0143118 -1.31716 -0.731307 0.680791 -0.0414042 19.4376 -0.0400621 0.0177246 0.99904 1.08869
0.661437 0.74989 0.0129052 -1.21099 -0.749 0.661345 -0.0402697 21.6148 -0.0387327 0.0169699 0.999106 1.06836
0.651299 0.758776 0.00829358 -1.02866 -0.757928 0.651024 -0.0413922 23.8347 -0.0368067 0.0206728 0.999109 1.07966
0.647729 0.761703 0.0159813 -0.845883 -0.76061 0.647721 -0.0439361 26.055 -0.0438177 0.0163032 0.998906 1.09114
0.647376 0.762043 0.0139685 -0.644434 -0.760993 0.647285 -0.0437337 28.3048 -0.0423685 0.0176822 0.998946 1.09125
0.649578 0.760183 0.0130305 -0.424017 -0.759238 0.649483 -0.0415934 30.5847 -0.0400817 0.0171249 0.99905 1.07982
0.653325 0.757056 0.00580492 -0.203586 -0.756392 0.65304 -0.0375581 32.8648 -0.0322244 0.0201468 0.999278 1.06837
0.658389 0.752465 0.017889 -0.0215468 -0.751868 0.658597 -0.0307195 35.2145 -0.034897 0.00677525 0.999368 1.07452
0.664949 0.746881 0.00335319 0.160462 -0.746472 0.664721 -0.0304299 37.5642 -0.0249564 0.0177312 0.999531 1.08067
0.669314 0.74292 0.00939001 0.328472 -0.742528 0.669294 -0.026395 39.949 -0.025894 0.0106942 0.999608 1.07025
0.674741 0.738014 0.0078104 0.48254 -0.737383 0.67454 -0.0355198 42.3681 -0.0314825 0.0182074 0.999338 1.04335
0.680062 0.733124 0.00670353 0.636538 -0.732467 0.679792 -0.0370792 44.7875 -0.0317406 0.020306 0.99929 1.01638
0.685779 0.727775 0.00707224 0.749577 -0.72723 0.685588 -0.0332424 47.1915 -0.0290417 0.0176538 0.999422 0.955908
0.688633 0.725052 0.00916131 0.862634 -0.72456 0.688548 -0.0302369 49.5959 -0.0282313 0.0141842 0.999501 0.895422
0.691405 0.722358 0.0125663 0.956097 -0.721796 0.691408 -0.0310768 51.947 -0.031137 0.0124164 0.999438 0.879845
0.692327 0.721491 0.0115789 1.03045 -0.720918 0.692288 -0.0318527 54.2465 -0.0309974 0.0137051 0.999426 0.908079
0.693672 0.720239 0.00866015 1.10472 -0.719676 0.693526 -0.0329913 56.5451 -0.0297676 0.0166526 0.999418 0.936222
0.694243 0.719717 0.00575376 1.16231 -0.719289 0.694069 -0.0298641 58.7375 -0.0254872 0.0165944 0.999537 0.947543
0.693454 0.720473 0.00640132 1.2199 -0.720129 0.693354 -0.0259599 60.9295 -0.0231418 0.0133922 0.999642 0.958861
0.693692 0.720264 0.00326182 1.27859 -0.719902 0.693474 -0.0288709 63.0482 -0.0230567 0.0176793 0.999578 1.00078
0.693005 0.720927 -0.0030472 1.3383 -0.720836 0.692836 -0.0193228 65.0938 -0.0118191 0.0155874 0.999809 1.07234
0.677887 0.735142 -0.00592978 1.43552 -0.73515 0.677795 -0.0121747 67.6222 -0.00493098 0.0126124 0.999908 1.14796
0.653859 0.756612 -0.00256906 1.61846 -0.756551 0.653754 -0.0153548 70.0394 -0.00993813 0.0119835 0.999879 1.17093
0.639505 0.768779 0.00337588 1.76595 -0.76859 0.639435 -0.0197904 71.9741 -0.0173731 0.0100614 0.999798 1.18781
0.630692 0.776027 0.00324214 1.98708 -0.775773 0.630582 -0.0232771 73.9606 -0.0201081 0.0121655 0.999724 1.10554
0.625936 0.779851 0.00597059 2.20817 -0.779396 0.625802 -0.0302315 75.9468 -0.0273125 0.0142695 0.999525 1.02329
0.626902 0.77896 0.0146972 2.44145 -0.778419 0.627031 -0.0299417 77.9878 -0.032539 0.00732991 0.999444 1.00105
0.628352 0.777529 0.024961 2.6862 -0.776855 0.628847 -0.032376 80.0802 -0.0408699 0.00095246 0.999164 1.03528
0.630082 0.776334 0.017382 2.93091 -0.775713 0.630288 -0.0317201 82.174 -0.0355811 0.00650279 0.999346 1.06931
0.631433 0.775214 0.0182825 3.1762 -0.774384 0.631631 -0.0370425 84.368 -0.0402637 0.00923225 0.999146 1.09272
0.636852 0.770729 0.0199119 3.42152 -0.769767 0.637085 -0.0397799 86.5622 -0.0433451 0.0100064 0.99901 1.11614
0.644808 0.764109 0.018992 3.64054 -0.763098 0.644976 -0.0410857 88.8083 -0.0436433 0.0119996 0.998975 1.14366
0.651598 0.758305 0.0198291 3.83524 -0.757276 0.651792 -0.0412271 91.1032 -0.0441871 0.0118474 0.998953 1.17498
0.658503 0.75234 0.0189101 4.02924 -0.751594 0.658719 -0.0345866 93.4001 -0.0384773 0.00856264 0.999223 1.20508
0.664205 0.747155 0.0243206 4.19097 -0.746645 0.66465 -0.0276004 95.7876 -0.0367864 0.00017347 0.999323 1.17928
0.670307 0.741735 0.022758 4.35269 -0.741126 0.670684 -0.030257 98.1749 -0.0377061 0.00341488 0.999283 1.15349
0.675739 0.736754 0.0238986 4.49956 -0.736266 0.676161 -0.0268058 100.619 -0.0359086 0.000517955 0.999355 1.11193
0.67884 0.733901 0.0237667 4.63288 -0.733366 0.679254 -0.0280546 103.115 -0.036733 0.00161489 0.999324 1.05605
0.681168 0.731735 0.0239712 4.76568 -0.731166 0.681586 -0.0289301 105.614 -0.0375076 0.00217932 0.999294 1.00188
0.681845 0.731024 0.0262899 4.87797 -0.730514 0.682351 -0.0273145 108.231 -0.0379065 -0.000580913 0.999281 1.01208
0.679453 0.733231 0.0267591 4.99024 -0.732543 0.679976 -0.0318345 110.848 -0.0415376 0.0020279 0.999135 1.02228
0.676966 0.735761 0.0192973 5.07943 -0.735022 0.677182 -0.034166 112.829 -0.0382058 0.00894534 0.99923 1.01955
0.67396 0.738487 0.0203608 5.17686 -0.737794 0.67423 -0.0327754 114.842 -0.0379321 0.00706724 0.999255 0.999555
0.671914 0.740334 0.0209219 5.27428 -0.739654 0.67221 -0.032335 116.855 -0.0380026 0.00625137 0.999258 0.979565
0.672301 0.739706 0.029084 5.37205 -0.739144 0.672927 -0.0289056 118.87 -0.0409531 -0.00206398 0.999159 0.959651
0.672597 0.739572 0.0254422 5.47823 -0.738841 0.673069 -0.0330437 120.926 -0.0415626 0.0034273 0.99913 0.941488
0.672488 0.739779 0.0220652 5.58441 -0.738993 0.672812 -0.0348287 122.982 -0.0406113 0.0071159 0.99915 0.923326
0.671877 0.740095 0.028996 5.6906 -0.739425 0.672502 -0.0314999 125.038 -0.0428128 -0.000276354 0.999083 0.905161
0.671489 0.740012 0.0385244 5.79391 -0.739237 0.672571 -0.0343108 127.073 -0.0513008 -0.00543933 0.998668 0.894132
0.671269 0.740723 0.0269861 5.93011 -0.739497 0.671746 -0.0435992 129.775 -0.0504227 0.00931063 0.998685 0.883331
0.669681 0.742122 0.027979 6.03223 -0.741361 0.670263 -0.0336371 131.801 -0.0437161 0.00178359 0.999042 0.875231
0.669767 0.742269 0.021159 6.13658 -0.741418 0.670043 -0.0366155 133.785 -0.041356 0.00883625 0.999105 0.869723
0.669108 0.74289 0.0202034 6.24179 -0.742175 0.669373 -0.0334202 135.753 -0.0383512 0.0073673 0.999237 0.86523
0.66854 0.743376 0.0211387 6.38209 -0.742842 0.668866 -0.0283393 138.376 -0.0352057 0.00324317 0.999375 0.859237
0.667119 0.744502 0.0258449 6.48868 -0.744122 0.667612 -0.0240209 140.298 -0.035138 -0.00320695 0.999377 0.846777
0.667241 0.744602 0.0189027 6.63154 -0.74406 0.667488 -0.0288801 142.837 -0.0341215 0.00520519 0.999404 0.825985
0.666329 0.745371 0.0206715 6.73867 -0.745019 0.666649 -0.0229151 144.742 -0.0308609 -0.0001317 0.999524 0.810392
0.665896 0.745803 0.0189804 6.8887 -0.745361 0.66616 -0.0258543 147.092 -0.0319262 0.00306906 0.999485 0.813098
0.661176 0.749716 0.027798 7.04056 -0.749509 0.661711 -0.0193496 149.391 -0.0329009 -0.00804141 0.999426 0.822036
0.644601 0.764061 0.0264783 7.23703 -0.763741 0.645121 -0.0227822 151.594 -0.0344887 -0.00553713 0.99939 0.814437
0.60168 0.798239 0.0282132 7.54094 -0.7979 0.602291 -0.0245056 153.565 -0.0365539 -0.00776675 0.999301 0.766972
0.522683 0.852132 0.0259415 7.84496 -0.852009 0.523184 -0.0189588 155.536 -0.0297276 -0.0121929 0.999484 0.719487
0.393274 0.919404 0.00572516 8.51997 -0.919204 0.393309 -0.0193196 157.183 -0.0200143 0.00233531 0.999797 0.705012
0.220959 0.975282 0.00147046 9.29061 -0.975275 0.220963 -0.00382197 158.745 -0.00405242 -0.000589606 0.999992 0.699074
0.0232581 0.999617 -0.0149901 10.1756 -0.999719 0.0233253 0.00432782 160.086 0.00467581 0.0148852 0.999878 0.710761
-0.187299 0.982076 -0.021138 11.3348 -0.982114 -0.186797 0.0236263 160.899 0.0192543 0.0251851 0.999497 0.764735
-0.422429 0.906244 -0.0165907 12.787 -0.906101 -0.421754 0.0332176 161.881 0.0231061 0.029065 0.99931 0.833078
-0.626702 0.778825 -0.0260015 14.6479 -0.779105 -0.625566 0.0407722 162.133 0.0154887 0.0458099 0.99883 0.941238
-0.72088 0.691857 -0.0408144 16.5922 -0.69306 -0.719549 0.0437974 162.255 0.000933629 0.0598594 0.998206 1.07773
-0.741499 0.669687 -0.0412133 18.3336 -0.670927 -0.740624 0.036523 162.169 -0.00606455 0.0547329 0.998483 1.23232
-0.750045 0.659313 -0.0523361 20.2072 -0.661016 -0.749924 0.0259331 162.024 -0.02215 0.054046 0.998293 1.35178
-0.760104 0.647892 -0.0497741 22.2473 -0.649409 -0.760073 0.0235782 161.804 -0.0225559 0.0502457 0.998482 1.42686
-0.767591 0.639376 -0.0447507 24.3747 -0.640496 -0.767786 0.0164175 161.562 -0.023862 0.0412646 0.998863 1.516
-0.773734 0.631697 -0.0479035 26.6026 -0.632888 -0.774112 0.0142567 161.295 -0.0280768 0.0413484 0.99875 1.6223
-0.774477 0.630502 -0.0515101 28.3964 -0.63179 -0.775039 0.0124894 161.072 -0.0320477 0.0422163 0.998594 1.7042
-0.774341 0.630514 -0.0533702 30.2114 -0.631792 -0.775075 0.00988466 160.829 -0.0351335 0.041373 0.998526 1.77877
-0.780226 0.623223 -0.053298 32.0265 -0.624227 -0.781238 0.00285038 160.586 -0.039862 0.035494 0.998575 1.85335
-0.786214 0.615117 -0.0591527 33.841 -0.616795 -0.786996 0.0141664 160.308 -0.0378389 0.0476229 0.998148 1.94728
-0.790308 0.61028 -0.0545128 35.6554 -0.611217 -0.791462 0.000654109 160.022 -0.0427456 0.0338361 0.998513 2.04573
-0.785577 0.615814 -0.0603543 37.9025 -0.617363 -0.786621 0.00951116 159.672 -0.0416189 0.0447323 0.998132 2.1596
-0.780991 0.621207 -0.0644634 39.679 -0.623062 -0.78208 0.0119781 159.401 -0.0429747 0.0495195 0.997848 2.24165
-0.76935 0.636289 -0.0568926 41.4534 -0.637811 -0.770096 0.0122503 159.136 -0.036018 0.0457115 0.998305 2.32354
-0.75033 0.658557 -0.0575041 43.6309 -0.660383 -0.750662 0.020022 158.918 -0.0299805 0.0529978 0.998145 2.42297
-0.737683 0.673394 -0.0486242 45.8063 -0.674875 -0.737516 0.0247855 158.703 -0.0191707 0.0510991 0.99851 2.52278
-0.730984 0.680721 -0.0477675 47.9565 -0.682064 -0.731017 0.0200769 158.523 -0.0212521 0.0472564 0.998657 2.62953
-0.72111 0.691419 -0.0440523 50.1128 -0.692517 -0.721217 0.0162999 158.35 -0.0205012 0.042261 0.998896 2.7344
-0.706001 0.707007 -0.0412828 52.38 -0.708069 -0.705827 0.0211342 158.291 -0.0141965 0.0441519 0.998924 2.80717
-0.689873 0.722574 -0.0442881 54.657 -0.723696 -0.689915 0.0167812 158.233 -0.0184294 0.043628 0.998878 2.88039
-0.679908 0.732349 -0.0372755 56.6115 -0.733057 -0.680108 0.00898243 158.212 -0.0187731 0.0334323 0.999265 2.94513
-0.676212 0.735703 -0.0384528 58.566 -0.736568 -0.676178 0.0158598 158.19 -0.0143328 0.0390477 0.999135 3.00987
-0.676525 0.73544 -0.0379781 60.6215 -0.736262 -0.676548 0.014194 158.168 -0.0152551 0.0375644 0.999178 3.07223
-0.677397 0.73458 -0.0390652 62.7533 -0.735166 -0.677886 0.000961361 158.147 -0.0257756 0.0293707 0.999236 3.13281
-0.677768 0.733486 -0.0512726 64.8985 -0.73418 -0.678916 -0.00724688 158.128 -0.0401253 0.0327317 0.998658 3.19508
-0.680007 0.730671 -0.0609136 67.2125 -0.732249 -0.681014 0.00554192 158.134 -0.0374337 0.0483725 0.998128 3.27847
-0.683233 0.728504 -0.0497401 69.5262 -0.729082 -0.684371 -0.00871199 158.14 -0.0403874 0.0303123 0.998724 3.36186
-0.684792 0.726354 -0.058909 71.9115 -0.72748 -0.686121 -0.00329842 158.131 -0.0428145 0.0405964 0.998258 3.42162
-0.686272 0.724189 -0.0676908 73.74 -0.726191 -0.68745 0.00769252 158.117 -0.0409632 0.0544356 0.997677 3.45331
-0.687539 0.722729 -0.0703727 76.1783 -0.72507 -0.688564 0.0123496 158.099 -0.0395307 0.059516 0.997444 3.49556
-0.688406 0.721905 -0.0703601 78.6152 -0.724563 -0.688886 0.0210826 158.061 -0.0332505 0.0654937 0.997299 3.60907
-0.689909 0.721643 -0.0570738 81.0528 -0.723229 -0.690512 0.0115403 158.019 -0.0310822 0.0492392 0.998303 3.73735
-0.692806 0.71959 -0.0470184 82.8722 -0.720632 -0.693269 0.00826924 157.987 -0.0266459 0.0396119 0.99886 3.83109
-0.697442 0.714809 -0.0512119 85.2056 -0.716263 -0.697613 0.0174061 157.938 -0.0232841 0.0488209 0.998536 3.92922
-0.702235 0.711104 -0.0346108 87.5397 -0.711881 -0.701999 0.020601 157.889 -0.00964729 0.0391055 0.999189 4.02738
-0.703327 0.710022 -0.0346422 89.917 -0.710804 -0.703078 0.0209588 157.798 -0.00947503 0.0393647 0.99918 4.10914
-0.708112 0.704513 -0.0473182 92.3267 -0.705739 -0.708302 0.0155006 157.677 -0.0225952 0.0443704 0.99876 4.17922
-0.71203 0.700295 -0.0509996 94.7405 -0.701412 -0.712732 0.00595125 157.555 -0.0321814 0.0400092 0.998681 4.25048
-0.716445 0.695729 -0.0516521 97.2008 -0.697139 -0.716777 0.0150809 157.416 -0.0265308 0.0468134 0.998551 4.33458
-0.718566 0.693837 -0.0474572 99.6609 -0.694917 -0.719025 0.00964119 157.278 -0.0274335 0.0399067 0.998827 4.41867
-0.720711 0.690864 -0.0573039 102.008 -0.692604 -0.721118 0.016979 157.126 -0.0295927 0.0519259 0.998212 4.52536
-0.723159 0.687493 -0.0662904 104.276 -0.68976 -0.723817 0.0179027 156.964 -0.0356741 0.0586709 0.99764 4.6477
-0.725632 0.684621 -0.0689369 106.526 -0.686999 -0.726464 0.0167758 156.804 -0.0385952 0.0595326 0.99748 4.76555
-0.727525 0.68336 -0.0610429 108.577 -0.685452 -0.727784 0.0220411 156.659 -0.029364 0.0578775 0.997892 4.83733
-0.728706 0.682068 -0.0614043 110.63 -0.683554 -0.729886 0.00454235 156.514 -0.0417199 0.0452832 0.998103 4.90912
-0.728277 0.681945 -0.0675581 112.635 -0.683909 -0.729516 0.00865692 156.365 -0.0433812 0.0525082 0.997678 4.98591
-0.729299 0.681874 -0.0563046 114.608 -0.6835 -0.729796 0.0150378 156.214 -0.0308369 0.0494512 0.9983 5.06619
-0.728796 0.682476 -0.0555299 116.566 -0.684196 -0.729033 0.0196608 156.064 -0.0270652 0.052322 0.998263 5.14544
-0.72743 0.684357 -0.0500099 118.378 -0.685712 -0.727695 0.0160876 155.925 -0.0253824 0.045995 0.998619 5.21505
-0.723015 0.689173 -0.0478611 120.643 -0.690469 -0.723146 0.0176865 155.752 -0.0224215 0.0458342 0.998697 5.30204
-0.717224 0.694737 -0.0541284 122.639 -0.696558 -0.716987 0.0271632 155.619 -0.019938 0.0571856 0.998164 5.36976
-0.715842 0.696851 -0.044381 124.598 -0.698123 -0.715523 0.0255233 155.492 -0.0139697 0.0492541 0.998689 5.43481
-0.71421 0.698268 -0.0482298 126.349 -0.69934 -0.714743 0.00816328 155.369 -0.0287717 0.0395593 0.998803 5.492
-0.721898 0.690069 -0.0516435 128.378 -0.691494 -0.72221 0.0157565 155.222 -0.0264244 0.0470858 0.998541 5.55708
-0.772386 0.634089 -0.036758 130.389 -0.634903 -0.772413 0.0166317 155.004 -0.0178464 0.0361838 0.999186 5.6023
-0.899858 0.433553 -0.0478254 132.077 -0.43468 -0.900445 0.0158882 154.485 -0.0361758 0.0350859 0.998729 5.66636
-0.976294 0.212958 -0.0387231 133.433 -0.214223 -0.976258 0.0320926 153.672 -0.0309694 0.0396272 0.998734 5.65649
-0.999481 -0.0187123 -0.0262156 134.606 0.0171373 -0.998107 0.0590686 152.536 -0.0272713 0.0585887 0.99791 5.69215
-0.967341 -0.252918 -0.0168706 135.393 0.251791 -0.966434 0.0510514 151.257 -0.0292162 0.0451362 0.998554 5.74387
-0.884343 -0.466795 -0.00632186 135.949 0.466284 -0.883873 0.0367218 149.711 -0.0227293 0.0295269 0.999306 5.76361
-0.820184 -0.572097 0.00178366 136.164 0.571828 -0.819694 0.0333664 148.131 -0.0176268 0.0283865 0.999442 5.85501
-0.76915 -0.639049 -0.00491195 136.289 0.638596 -0.768855 0.0325228 146.079 -0.0245603 0.0218782 0.999459 6.00501
-0.757666 -0.652642 0.000762328 136.283 0.652389 -0.757337 0.0288002 144.132 -0.0182189 0.0223183 0.999585 6.01439
-0.765132 -0.643872 0.00144816 136.283 0.643729 -0.76491 0.0229282 141.944 -0.0136551 0.0184753 0.999736 6.01705
-0.762517 -0.646952 0.00449564 136.322 0.646877 -0.762275 0.0220756 139.887 -0.0108549 0.0197412 0.999746 6.03432
-0.750899 -0.660403 0.00422972 136.275 0.660298 -0.750628 0.0237572 137.875 -0.0125144 0.0206322 0.999709 6.04506
-0.733828 -0.679291 0.00778021 136.198 0.679249 -0.733503 0.0243763 135.751 -0.0108518 0.0231727 0.999673 6.05826
-0.72594 -0.68773 0.00619925 136.079 0.687684 -0.725701 0.0211685 133.756 -0.0100594 0.0196302 0.999757 6.07649
-0.720745 -0.693199 0.00125351 135.941 0.693077 -0.720581 0.0201717 131.666 -0.0130797 0.0154074 0.999796 6.0944
-0.71938 -0.694564 0.0085917 135.757 0.694518 -0.719015 0.025733 129.352 -0.0116956 0.0244789 0.999632 6.11159
-0.717785 -0.696261 0.00222122 135.575 0.696132 -0.717582 0.0218272 127.017 -0.0136035 0.0172135 0.999759 6.13053
-0.720953 -0.692965 0.00514414 135.433 0.692923 -0.720769 0.0187028 125.108 -0.00925265 0.0170483 0.999812 6.14892
-0.725771 -0.687853 0.010759 135.291 0.687928 -0.725593 0.0164397 123.199 -0.00350145 0.0193328 0.999807 6.16731
-0.729802 -0.683512 0.0141332 135.168 0.683657 -0.729685 0.0131491 121.204 0.00132518 0.0192585 0.999814 6.18705
-0.731197 -0.682088 0.0102899 135.047 0.682166 -0.731098 0.0120907 119.197 -0.000724027 0.0158601 0.999874 6.20697
-0.732838 -0.680238 0.0150174 134.905 0.680401 -0.732719 0.0133302 116.67 0.00193581 0.0199867 0.999798 6.23226
-0.733752 -0.679223 0.0162559 134.798 0.679404 -0.733679 0.0112162 114.633 0.00430835 0.0192743 0.999805 6.2528
-0.733325 -0.679662 0.017167 134.691 0.679845 -0.733306 0.0085514 112.59 0.00677658 0.0179418 0.999816 6.27412
-0.733162 -0.679869 0.0158802 134.586 0.680021 -0.733158 0.00713304 110.508 0.00679316 0.0160285 0.999848 6.30069
-0.729817 -0.68344 0.0166197 134.48 0.683618 -0.72978 0.00934336 108.426 0.00574309 0.0181805 0.999818 6.32726
-0.724522 -0.689096 0.0146241 134.363 0.689244 -0.724451 0.010664 106.322 0.00324594 0.0178059 0.999836 6.33868
-0.716425 -0.697533 0.0135659 134.238 0.697659 -0.71636 0.00999753 104.204 0.00274444 0.0166268 0.999858 6.34126
-0.708701 -0.705369 0.0140503 134.114 0.705506 -0.708617 0.0110838 102.102 0.00213813 0.0177676 0.99984 6.33903
-0.707344 -0.706795 0.0102913 133.999 0.706869 -0.707242 0.0120817 100.095 -0.00126083 0.0158206 0.999874 6.30577
-0.709211 -0.704925 0.00998305 133.883 0.704989 -0.709072 0.0143816 98.0885 -0.00305924 0.0172375 0.999847 6.27251
-0.716349 -0.697684 0.0090211 133.793 0.697736 -0.71623 0.0133726 96.1619 -0.00286867 0.0158738 0.99987 6.24417
-0.722214 -0.691615 0.00870866 133.719 0.691663 -0.722096 0.0133626 94.2797 -0.00295331 0.0156741 0.999873 6.21862
-0.727876 -0.685672 0.00711685 133.613 0.685704 -0.727793 0.0113078 91.9657 -0.00257383 0.0131107 0.999911 6.20104
-0.731602 -0.681679 0.00848107 133.481 0.68173 -0.731508 0.0118491 89.7346 -0.0018733 0.0144506 0.999894 6.21501
-0.734003 -0.679135 0.00402448 133.356 0.679109 -0.733887 0.0148924 87.5084 -0.00716044 0.0136641 0.999881 6.2279
-0.735796 -0.677114 0.0110249 133.244 0.677197 -0.735763 0.00755566 85.2913 0.00299564 0.0130254 0.999911 6.23844
-0.735603 -0.67738 0.00661535 133.136 0.677412 -0.73558 0.00591207 83.0793 0.000861404 0.00883025 0.999961 6.25454
-0.732667 -0.680568 0.00515818 133.035 0.680586 -0.73263 0.00747297 80.8787 -0.00130683 0.00898578 0.999959 6.28266
-0.725752 -0.687947 0.00378593 132.935 0.687955 -0.725726 0.00629498 78.6712 -0.00158307 0.00717314 0.999973 6.3111
-0.720715 -0.693226 -0.00281668 132.841 0.693194 -0.720712 0.00743264 76.4475 -0.00718251 0.00340431 0.999968 6.34024
-0.720458 -0.693463 -0.00707884 132.73 0.693453 -0.72049 0.00409806 74.2559 -0.00794209 -0.00195637 0.999967 6.36529
-0.710725 -0.703452 -0.0049436 132.583 0.703462 -0.710732 -0.000442158 72.134 -0.00320254 -0.00379189 0.999988 6.3815
-0.699674 -0.714448 -0.00452126 132.429 0.714456 -0.69968 -0.000337629 70.0297 -0.00292222 -0.00346647 0.99999 6.38047
-0.695609 -0.718398 -0.0057409 132.26 0.718388 -0.695631 0.00403663 67.9622 -0.00689345 -0.00131628 0.999975 6.3427
-0.709909 -0.704217 -0.0103742 132.108 0.704183 -0.709982 0.00720896 65.871 -0.0124422 -0.00218765 0.99992 6.31822
-0.729841 -0.683494 -0.0129148 131.991 0.683484 -0.729942 0.00585968 63.7285 -0.0134321 -0.00455046 0.999899 6.3218
-0.747166 -0.664564 -0.00983701 131.885 0.664562 -0.747222 0.00393122 61.5581 -0.00996298 -0.00360004 0.999944 6.3125
-0.752574 -0.65848 -0.00606302 131.803 0.658407 -0.752588 0.0105683 59.3297 -0.011522 0.00396148 0.999926 6.2763
-0.75089 -0.660301 -0.0128806 131.727 0.660271 -0.750994 0.00705946 57.1143 -0.0143347 -0.00320384 0.999892 6.25121
-0.750315 -0.661018 -0.00908354 131.668 0.660964 -0.75037 0.00842793 54.9249 -0.012387 0.000319715 0.999923 6.24894
-0.750783 -0.660549 -0.000855425 131.61 0.660548 -0.750783 0.000833595 52.7693 -0.00119287 6.07991e-05 0.999999 6.24979
-0.756901 -0.653523 0.00293269 131.554 0.65348 -0.756892 -0.00885678 50.6833 0.00800784 -0.00478725 0.999956 6.2571
-0.751876 -0.659304 -0.00063815 131.498 0.6593 -0.751868 -0.00438993 48.6505 0.0024145 -0.00372142 0.99999 6.25865
-0.746434 -0.66546 -0.000171855 131.428 0.665457 -0.74643 -0.00285661 46.3413 0.00177268 -0.00224664 0.999996 6.24631
-0.742391 -0.669961 -0.00278684 131.342 0.669965 -0.742392 -0.000886691 44.0542 -0.00147488 -0.00252536 0.999996 6.23598
-0.742959 -0.669336 0.00060834 131.262 0.669334 -0.742954 0.00344575 42.1601 -0.00185439 0.00296723 0.999994 6.22845
-0.746155 -0.665769 -0.00216794 131.193 0.665762 -0.746157 0.00342449 40.1049 -0.00389755 0.00111187 0.999992 6.22412
-0.747125 -0.664658 -0.00585199 131.127 0.664678 -0.747127 -0.00220236 37.9903 -0.00290837 -0.00553512 0.99998 6.22098
-0.747284 -0.664493 -0.00394928 131.047 0.664503 -0.747281 -0.00254685 35.6973 -0.00125886 -0.00452753 0.999989 6.21161
-0.742949 -0.669311 0.0070032 130.962 0.669323 -0.742971 -0.000678554 33.3391 0.00565734 0.00418328 0.999975 6.19997
-0.737209 -0.675652 0.00422246 130.853 0.675628 -0.737219 -0.00590319 31.4187 0.00710137 -0.00149907 0.999974 6.19037
-0.732103 -0.68119 0.00218753 130.725 0.681176 -0.732103 -0.00478395 29.4821 0.00486028 -0.00201225 0.999986 6.18063
-0.730038 -0.683386 -0.00529965 130.598 0.683405 -0.729999 -0.00773224 27.5582 0.00141536 -0.00926664 0.999956 6.17543
-0.729267 -0.6842 0.00632265 130.447 0.684186 -0.729294 -0.00449994 25.2319 0.00768993 0.00104421 0.99997 6.19654
-0.725546 -0.688141 0.00665901 130.288 0.688091 -0.725575 -0.00847908 22.9097 0.0106664 -0.00156996 0.999942 6.21424
-0.71626 -0.69783 0.00236326 130.082 0.697819 -0.716262 -0.00415481 20.6115 0.00459206 -0.0013268 0.999989 6.21073
-0.705757 -0.708432 -0.00566249 129.916 0.708431 -0.705776 0.00248315 18.773 -0.00575559 -0.00225898 0.999981 6.20792
-0.694634 -0.719037 -0.0216886 129.704 0.719113 -0.694872 0.00543289 16.8872 -0.0189772 -0.0118227 0.99975 6.16682
-0.683722 -0.729336 -0.0243613 129.488 0.729152 -0.68413 0.0173942 14.9977 -0.0293525 -0.00587028 0.999552 6.12257
-0.672283 -0.739834 -0.0260962 129.251 0.73958 -0.672765 0.0202032 13.1373 -0.0325036 -0.00571796 0.999455 6.10741
-0.661275 -0.749387 -0.0336888 128.988 0.748525 -0.662131 0.0359524 11.3167 -0.0492487 -0.00144248 0.998785 6.13152
-0.656098 -0.753855 -0.0351949 128.725 0.753236 -0.657013 0.0311354 9.49624 -0.046595 -0.00608219 0.998895 6.15564
-0.661646 -0.749097 -0.0328413 128.4 0.748545 -0.662439 0.0292197 7.44694 -0.0436437 -0.00525006 0.999033 6.20797
-0.671341 -0.740363 -0.0341298 128.077 0.739588 -0.672203 0.0339602 5.41123 -0.048085 -0.00244311 0.99884 6.26164
-0.683495 -0.729177 -0.0337033 127.868 0.728542 -0.684316 0.0306409 3.68266 -0.0454063 -0.00361135 0.998962 6.19818
-0.694352 -0.718762 -0.0354374 127.635 0.718249 -0.695229 0.0278233 1.66743 -0.0446355 -0.00613371 0.998985 6.11802
-0.704876 -0.70877 -0.0282021 127.445 0.708224 -0.70544 0.0278307 -0.366252 -0.0396204 -0.000356194 0.999215 6.05748
-0.713701 -0.699776 -0.0307266 127.272 0.699308 -0.714356 0.025781 -2.48153 -0.0399907 -0.00308737 0.999195 6.03359
-0.721702 -0.691566 -0.0297188 127.137 0.691041 -0.722313 0.0269627 -4.32208 -0.0401128 -0.00107788 0.999195 6.02999
-0.728399 -0.684226 -0.0356189 127.028 0.684071 -0.729186 0.0182972 -6.42627 -0.0384922 -0.0110382 0.999198 6.00904
-0.733288 -0.678961 -0.0360773 126.964 0.678386 -0.734165 0.0281897 -8.34589 -0.0456264 -0.00380318 0.998951 5.90381
-0.734838 -0.677177 -0.0380149 126.881 0.676449 -0.735816 0.0315064 -10.2937 -0.0493074 -0.00256303 0.99878 5.91751
-0.734955 -0.677305 -0.0331566 126.748 0.676955 -0.735679 0.0225561 -12.302 -0.03967 -0.00586785 0.999196 5.8522
-0.733113 -0.679665 -0.0245113 126.668 0.678994 -0.733499 0.0307679 -14.3035 -0.0388909 0.00591339 0.999226 5.77072
-0.703023 -0.711079 -0.0112232 126.37 0.710749 -0.703063 0.023186 -16.081 -0.0243777 0.00832336 0.999668 5.76809
-0.553538 -0.832743 -0.0116249 126.126 0.832397 -0.553648 0.0242651 -17.6364 -0.0266427 0.00375511 0.999638 5.97597
-0.250787 -0.968042 0.000500343 125.465 0.967969 -0.250762 0.012441 -18.9018 -0.0119179 0.00360435 0.999922 5.91139
0.0892853 -0.995979 0.00738481 124.388 0.995664 0.0894465 0.025547 -19.8637 -0.0261048 0.00507181 0.999646 5.80188
0.411672 -0.910834 0.0301092 122.866 0.910655 0.412415 0.0249232 -20.5151 -0.0351183 0.0171589 0.999236 5.48663
0.601625 -0.798728 0.00900551 121.163 0.798677 0.60169 0.00914862 -20.8149 -0.0127258 0.00168846 0.999918 5.27531
0.654533 -0.756015 0.00533999 119.098 0.755931 0.654544 0.0118575 -20.8885 -0.0124597 -0.00372447 0.999915 5.03635
0.662398 -0.749072 0.0109476 117.101 0.748943 0.662488 0.0139177 -20.8391 -0.017678 -0.00101996 0.999843 4.92993
0.661203 -0.7502 0.00328108 114.953 0.750125 0.661189 0.0119418 -20.7333 -0.0111282 -0.00543474 0.999923 4.96445
0.658595 -0.752495 -0.00204017 112.765 0.752461 0.658533 0.0116819 -20.6154 -0.00744706 -0.0092288 0.99993 4.90076
0.655476 -0.755212 -0.00225605 110.792 0.755199 0.65544 0.00854923 -20.5291 -0.00497778 -0.00730758 0.999961 4.82992
0.65346 -0.756957 -0.00239617 108.723 0.756945 0.653423 0.00858492 -20.4591 -0.0049327 -0.00742368 0.99996 4.74293
0.649683 -0.760167 -0.00761282 106.503 0.760165 0.649513 0.0168289 -20.3667 -0.00784814 -0.0167204 0.999829 4.7042
0.650554 -0.759459 0.00109803 104.22 0.759392 0.650515 0.0124134 -20.266 -0.0101417 -0.00724174 0.999922 4.67109
0.654881 -0.755709 -0.00587102 102.175 0.755719 0.654806 0.0108685 -20.1662 -0.00436905 -0.0115544 0.999924 4.62148
0.658565 -0.75252 0.00229769 100.096 0.752359 0.658482 0.0188902 -20.0612 -0.0157282 -0.0107117 0.999819 4.56738
0.6584 -0.752652 0.00487875 97.872 0.752496 0.658374 0.0171385 -19.9342 -0.0161114 -0.00761276 0.999841 4.49389
0.658789 -0.752279 0.00855455 96.0932 0.752206 0.658845 0.0104431 -19.8327 -0.0134922 -0.000444989 0.999909 4.43511
0.658887 -0.752237 -0.00282226 94.1192 0.752065 0.658646 0.0241459 -19.7396 -0.0163046 -0.0180319 0.999704 4.34851
0.656734 -0.754113 -0.0037979 92.1433 0.754048 0.65659 0.0173221 -19.6465 -0.0105691 -0.0142398 0.999843 4.26163
0.657206 -0.753711 -0.000255976 90.0781 0.753627 0.657128 0.0151478 -19.5518 -0.0112488 -0.0101481 0.999885 4.17638
0.658875 -0.752252 0.00104779 87.9204 0.752176 0.658827 0.0133389 -19.4552 -0.0107245 -0.00800056 0.99991 4.09288
0.660781 -0.750569 -0.00384504 85.7622 0.75055 0.660702 0.0121228 -19.3587 -0.00655856 -0.0108964 0.999919 4.00937
0.661816 -0.749666 -0.000617146 83.5297 0.749624 0.661769 0.0112326 -19.2275 -0.00801232 -0.00789657 0.999937 3.9369
0.662879 -0.748727 0.000202435 81.2966 0.748638 0.662804 0.0152098 -19.0958 -0.0115221 -0.00993069 0.999884 3.86454
0.660833 -0.750454 0.010849 79.0406 0.750348 0.660922 0.0126385 -18.9747 -0.016655 -0.000211374 0.999861 3.78299
0.660691 -0.750647 0.0040506 76.7606 0.750341 0.660559 0.0255034 -18.8643 -0.0218197 -0.0138105 0.999667 3.69196
0.65944 -0.751725 0.00701703 74.4815 0.751534 0.659442 0.0182324 -18.7539 -0.0183331 -0.00674962 0.999809 3.60096
0.657179 -0.753735 -0.000654755 72.116 0.753614 0.657057 0.0184804 -18.6565 -0.0134991 -0.0126384 0.999829 3.48734
0.656264 -0.754531 0.000735788 69.7497 0.754385 0.656156 0.0190362 -18.5592 -0.0148462 -0.0119377 0.999819 3.37358
0.65707 -0.753808 0.00568725 67.4137 0.753626 0.657049 0.0182766 -18.4621 -0.0175139 -0.00772296 0.999817 3.26233
0.657698 -0.753261 0.00557269 65.1083 0.753128 0.657695 0.0153743 -18.3652 -0.015246 -0.00591471 0.999866 3.15361
0.658412 -0.752621 0.00746467 62.8028 0.752483 0.65844 0.0150464 -18.2684 -0.0162392 -0.00428967 0.999859 3.04488
0.658268 -0.752763 0.00559997 60.635 0.752654 0.658274 0.0137205 -18.1766 -0.0140146 -0.00481692 0.99989 2.95104
0.658073 -0.75295 -0.00234859 58.467 0.752851 0.657929 0.0185385 -18.0848 -0.0124133 -0.0139678 0.999825 2.85721
0.658117 -0.752911 -0.00273765 56.43 0.752761 0.657905 0.0226252 -17.9991 -0.0152336 -0.0169508 0.99974 2.75748
0.657173 -0.753739 -0.00070253 54.5229 0.75338 0.656831 0.0315097 -17.9195 -0.0232887 -0.0212366 0.999503 2.6519
0.65583 -0.7549 -0.00372335 52.1803 0.754708 0.655533 0.0263093 -17.8213 -0.0174201 -0.0200645 0.999647 2.51655
0.655609 -0.755093 -0.0033166 49.9973 0.754987 0.655429 0.0201693 -17.728 -0.0130559 -0.0157271 0.999791 2.36819
0.654938 -0.755678 -0.00266601 47.8045 0.755588 0.654797 0.0180693 -17.6297 -0.0119089 -0.0138487 0.999833 2.21736
0.655458 -0.755216 -0.00485828 45.5743 0.755182 0.655327 0.0157089 -17.5116 -0.00867982 -0.0139654 0.999865 2.05695
0.655818 -0.754911 -0.00347077 43.2967 0.754895 0.655753 0.0110074 -17.395 -0.00603367 -0.00983894 0.999933 1.90296
0.654775 -0.755817 -0.00324039 41.3298 0.755769 0.65467 0.014852 -17.3063 -0.00910404 -0.0121737 0.999884 1.79926
0.65476 -0.755829 -0.00349132 39.363 0.755797 0.654669 0.0133962 -17.2175 -0.00783958 -0.01141 0.999904 1.69556
0.653588 -0.756843 0.00334327 37.1614 0.756825 0.653596 0.00527507 -17.0958 -0.00617755 -0.00091745 0.999981 1.60712
0.653663 -0.756752 0.00719364 34.8858 0.756639 0.653694 0.0134884 -16.9637 -0.0149098 -0.00337386 0.999883 1.52354
0.65314 -0.757122 0.0132183 32.5577 0.757007 0.653272 0.013245 -16.832 -0.0186632 0.00135545 0.999825 1.43151
0.652944 -0.757348 0.00938654 30.0817 0.757172 0.653 0.0168094 -16.7015 -0.01886 -0.00386836 0.999815 1.31571
0.65324 -0.757137 0.00464485 28.2251 0.756929 0.653185 0.0201919 -16.6036 -0.018322 -0.00967435 0.999785 1.22887
0.653557 -0.756822 0.00916137 25.725 0.75665 0.653609 0.0165989 -16.4752 -0.0185504 -0.00391636 0.99982 1.0957
0.654226 -0.756249 0.00872232 23.8327 0.75605 0.654263 0.0181205 -16.3805 -0.0194103 -0.00526039 0.999798 0.983484
0.65505 -0.755581 0.00267712 21.3097 0.755453 0.654997 0.0164031 -16.2541 -0.0141474 -0.00872242 0.999862 0.833875
0.656332 -0.754445 0.0063766 18.889 0.754279 0.656332 0.0170422 -16.123 -0.0170426 -0.00637563 0.999834 0.6749
0.656475 -0.754341 0.00330223 17.0982 0.754187 0.656419 0.0177693 -16.0236 -0.0155717 -0.00917459 0.999837 0.553608
0.65749 -0.753457 0.00291773 14.714 0.753294 0.65742 0.0186168 -15.8919 -0.0159451 -0.0100424 0.999822 0.39349
0.657892 -0.753107 0.00267332 12.6326 0.752947 0.657819 0.0185678 -15.8081 -0.0157421 -0.0102027 0.999824 0.336022
0.65751 -0.753446 -0.000216358 10.5512 0.753303 0.65738 0.0196313 -15.7244 -0.0146489 -0.0130707 0.999807 0.278552
0.656838 -0.75403 -0.00189636 8.31936 0.753891 0.656664 0.021016 -15.5728 -0.0146014 -0.0152337 0.999777 0.157708
0.684213 -0.729282 0.000173845 5.91574 0.729202 0.684141 0.014678 -15.3563 -0.0108234 -0.00991613 0.999892 -0.0234904
0.743866 -0.668316 -0.0042158 4.15914 0.668317 0.743801 0.0105803 -14.986 -0.00393527 -0.0106878 0.999935 -0.139293
0.859868 -0.510387 -0.011463 2.12441 0.510454 0.859896 0.00381331 -14.4828 0.00791076 -0.0091303 0.999927 -0.268246
0.943141 -0.332223 -0.0105883 0.820677 0.332314 0.943131 0.00842446 -13.6592 0.00718739 -0.0114641 0.999908 -0.340587
0.992999 -0.115257 -0.0258738 -0.471572 0.115664 0.993178 0.0147911 -12.8283 0.0239925 -0.0176802 0.999556 -0.412193
0.992797 0.118376 -0.0184748 -1.23748 -0.118294 0.992964 0.00546568 -11.6683 0.0189919 -0.00324085 0.999814 -0.450174
0.920561 0.390166 -0.0183615 -2.02201 -0.390372 0.920611 -0.00926536 -10.1864 0.0132887 0.0156971 0.999788 -0.500387
0.820219 0.571471 -0.0257336 -2.18765 -0.571925 0.820149 -0.0160412 -8.62549 0.0119383 0.027875 0.99954 -0.55904
0.747191 0.663982 -0.0288608 -2.2779 -0.664599 0.746242 -0.0378155 -6.97662 -0.00357168 0.0474363 0.998868 -0.602372
0.717349 0.696539 -0.0155992 -2.111 -0.696395 0.716165 -0.0462763 -5.02673 -0.0210617 0.0440594 0.998807 -0.593461
0.707303 0.706759 -0.0146372 -1.89707 -0.706374 0.705808 -0.0535792 -3.05038 -0.0275365 0.0482361 0.998456 -0.594351
0.672411 0.740112 -0.00986153 -1.5251 -0.739425 0.671067 -0.0540326 -0.984784 -0.0333725 0.043624 0.99849 -0.628158
0.637986 0.770036 -0.0042202 -1.14785 -0.769039 0.63686 -0.0546616 0.944834 -0.0394037 0.0381188 0.998496 -0.647044
0.607568 0.794255 0.00460595 -0.674184 -0.792717 0.606733 -0.0589414 2.717 -0.0496091 0.0321597 0.998251 -0.610131
0.607197 0.794479 0.0107294 -0.120723 -0.792533 0.606561 -0.0630414 4.69361 -0.0565931 0.0297751 0.997953 -0.534887
0.629857 0.7765 0.018106 0.347826 -0.773861 0.62937 -0.0709358 6.44541 -0.066477 0.0306679 0.997317 -0.39244
0.704567 0.708951 0.0312014 0.654596 -0.705968 0.704711 -0.0706515 8.22397 -0.0720765 0.0277516 0.997013 -0.00551586
