1632487328.504792147 0.0202305 0 0 0 0 0 1
1632487328.514759441 0.0228274 0 0 0 0 0 1
1632487328.524750245 0.0256047 0 0 0 0 0 1
1632487328.534743586 0.0285642 0 0 0 0 0 1
1632487328.544757782 0.0317078 0 0 0 0 0 1
1632487328.554769000 0.035037 0 0 0 0 0 1
1632487328.594751848 0.0385533 0 0 0 0 0 1
1632487328.594867392 0.042258 0 0 0 0 0 1
1632487328.594903285 0.0461522 0 0 0 0 0 1
1632487328.594947758 0.050237 0 0 0 0 0 1
1632487328.634777787 0.0545133 0 0 0 0 0 1
1632487328.634920847 0.0589819 0 0 0 0 0 1
1632487328.634976017 0.0636437 0 0 0 0 0 1
1632487328.635041342 0.0684994 0 0 0 0 0 1
1632487328.674779013 0.0735494 0 0 0 0 0 1
1632487328.674923361 0.0787945 0 0 0 0 0 1
1632487328.674961212 0.084235 0 0 0 0 0 1
1632487328.675024730 0.0898715 0 0 0 0 0 1
1632487328.724741424 0.0957044 0 0 0 0 0 1
1632487328.724898708 0.101734 0 0 0 0 0 1
1632487328.724949253 0.107961 0 0 0 0 0 1
1632487328.725005139 0.114384 0 0 0 0 0 1
1632487328.725074485 0.121006 0 0 0 0 0 1
1632487328.764810021 0.127825 0 0 0 0 0 1
1632487328.764898119 0.134843 0 0 0 0 0 1
1632487328.764966918 0.142059 0 0 0 0 0 1
1632487328.765004952 0.149473 0 0 0 0 0 1
1632487328.774771094 0.157085 0 0 0 0 0 1
1632487328.784734688 0.164897 0 0 0 0 0 1
1632487328.824738499 0.172907 0 0 0 0 0 1
1632487328.824843305 0.181117 0 0 0 0 0 1
1632487328.824876103 0.189525 0 0 0 0 0 1
1632487328.824919802 0.198132 0 0 0 0 0 1
1632487328.874806320 0.206939 0 0 0 0 0 1
1632487328.874959771 0.215945 0 0 0 0 0 1
1632487328.874999719 0.225151 0 0 0 0 0 1
1632487328.875036238 0.234556 0 0 0 0 0 1
1632487328.875071745 0.24416 0 0 0 0 0 1
1632487328.914814287 0.253964 0 0 0 0 0 1
1632487328.914917035 0.263968 0 0 0 0 0 1
1632487328.914961868 0.274171 0 0 0 0 0 1
1632487328.914998369 0.284574 0 0 0 0 0 1
1632487328.924794326 0.295176 0 0 0 0 0 1
1632487328.934758002 0.305979 0 0 0 0 0 1
1632487328.974749832 0.316981 0 0 0 0 0 1
1632487328.974857212 0.328183 0 0 0 0 0 1
1632487328.974893074 0.339585 0 0 0 0 0 1
1632487328.974927576 0.351186 0 0 0 0 0 1
1632487329.014763693 0.362987 0 0 0 0 0 1
1632487329.014935015 0.374989 0 0 0 0 0 1
1632487329.014982941 0.38719 0 0 0 0 0 1
1632487329.015021242 0.399591 0 0 0 0 0 1
1632487329.064766932 0.412192 0 0 0 0 0 1
1632487329.064863917 0.424993 0 0 0 0 0 1
1632487329.064903322 0.437993 0 0 0 0 0 1
1632487329.064941098 0.451194 0 0 0 0 0 1
1632487329.065002928 0.464595 0 0 0 0 0 1
1632487329.114768497 0.478195 0 0 0 0 0 1
1632487329.114863201 0.491996 0 0 0 0 0 1
1632487329.114901166 0.505996 0 0 0 0 0 1
1632487329.114942695 0.520196 0 0 0 0 0 1
1632487329.114992948 0.534597 0 0 0 0 0 1
1632487329.154776479 0.549197 0 0 0 0 0 1
1632487329.154958463 0.563997 0 0 0 0 0 1
1632487329.155030264 0.578998 0 0 0 0 0 1
1632487329.155094340 0.594198 0 0 0 0 0 1
1632487329.164764803 0.609598 0 0 0 0 0 1
1632487329.174849927 0.625198 0 0 0 0 0 1
1632487329.214767671 0.640998 0 0 0 0 0 1
1632487329.214946778 0.656999 0 0 0 0 0 1
1632487329.215030238 0.673199 0 0 0 0 0 1
1632487329.215107520 0.689599 0 0 0 0 0 1
1632487329.254764701 0.706199 0 0 0 0 0 1
1632487329.254922689 0.722999 0 0 0 0 0 1
1632487329.254985334 0.739999 0 0 0 0 0 1
1632487329.255073998 0.757199 0 0 0 0 0 1
1632487329.304753961 0.774599 0 0 0 0 0 1
1632487329.304911667 0.792199 0 0 0 0 0 1
1632487329.304990941 0.809999 0 0 0 0 0 1
1632487329.305055289 0.828 0 0 0 0 0 1
1632487329.305112392 0.8462 0 0 0 0 0 1
1632487329.344762780 0.8646 0 0 0 0 0 1
1632487329.344912867 0.8832 0 0 0 0 0 1
1632487329.344967458 0.902 0 0 0 0 0 1
1632487329.345075778 0.921 0 0 0 0 0 1
1632487329.354749150 0.9402 0 0 0 0 0 1
1632487329.364758294 0.9596 0 0 0 0 0 1
1632487329.404756784 0.9792 0 0 0 0 0 1
1632487329.404853214 0.999 0 0 0 0 0 1
1632487329.404894170 1.019 0 0 0 0 0 1
1632487329.404936224 1.0392 0 0 0 0 0 1
1632487329.454775677 1.0596 0 0 0 0 0 1
1632487329.454943815 1.0802 0 0 0 0 0 1
1632487329.455003937 1.101 0 0 0 0 0 1
1632487329.455063197 1.122 0 0 0 0 0 1
1632487329.455098586 1.1432 0 0 0 0 0 1
1632487329.494759477 1.1646 0 0 0 0 0 1
1632487329.494884629 1.1862 0 0 0 0 0 1
1632487329.494924896 1.208 0 0 0 0 0 1
1632487329.494973485 1.23 0 0 0 0 0 1
1632487329.504771392 1.2522 0 0 0 0 0 1
1632487329.514754030 1.2746 0 0 0 0 0 1
1632487329.554771356 1.2972 0 0 0 0 0 1
1632487329.554896180 1.32 0 0 0 0 0 1
1632487329.554948052 1.343 0 0 0 0 0 1
1632487329.554993624 1.3662 0 0 0 0 0 1
1632487329.594765414 1.3896 0 0 0 0 0 1
1632487329.594889850 1.4132 0 0 0 0 0 1
1632487329.594946267 1.437 0 0 0 0 0 1
1632487329.595003576 1.461 0 0 0 0 0 1
1632487329.634774323 1.4852 0 0 0 0 0 1
1632487329.634932751 1.5096 0 0 0 0 0 1
1632487329.634986241 1.5342 0 0 0 0 0 1
1632487329.635043697 1.559 0 0 0 0 0 1
1632487329.684763979 1.584 0 0 0 0 0 1
1632487329.684928812 1.6092 0 0 0 0 0 1
1632487329.685023148 1.6346 0 0 0 0 0 1
1632487329.685098013 1.6602 0 0 0 0 0 1
1632487329.685160376 1.686 0 0 0 0 0 1
1632487329.724744421 1.712 0 0 0 0 0 1
1632487329.724899957 1.7382 0 0 0 0 0 1
1632487329.724936971 1.7646 0 0 0 0 0 1
1632487329.724987357 1.7912 0 0 0 0 0 1
1632487329.734773859 1.818 0 0 0 0 0 1
1632487329.744741342 1.845 0 0 0 0 0 1
1632487329.784767882 1.8722 0 0 0 0 0 1
1632487329.784893971 1.8996 0 0 0 0 0 1
1632487329.784941181 1.9272 0 0 0 0 0 1
1632487329.784991483 1.955 0 0 0 0 0 1
1632487329.824764179 1.983 0 0 0 0 0 1
1632487329.824914559 2.0112 0 0 0 0 0 1
1632487329.824951913 2.0396 0 0 0 0 0 1
1632487329.825022519 2.0682 0 0 0 0 0 1
1632487329.874761050 2.097 0 0 0 0 0 1
1632487329.874899788 2.126 0 0 0 0 0 1
1632487329.874937861 2.1552 0 0 0 0 0 1
1632487329.874976033 2.1846 0 0 0 0 0 1
1632487329.875012852 2.2142 0 0 0 0 0 1
1632487329.914763976 2.244 0 0 0 0 0 1
1632487329.914885192 2.274 0 0 0 0 0 1
1632487329.914931198 2.3042 0 0 0 0 0 1
1632487329.914994482 2.3346 0 0 0 0 0 1
1632487329.924752068 2.3652 0 0 0 0 0 1
1632487329.934767499 2.396 0 0 0 0 0 1
1632487329.974771122 2.427 0 0 0 0 0 1
1632487329.974887950 2.4582 0 0 0 0 0 1
1632487329.974935256 2.4896 0 0 0 0 0 1
1632487329.974984252 2.5212 0 0 0 0 0 1
1632487330.014742759 2.553 0 0 0 0 0 1
1632487330.014862469 2.585 0 0 0 0 0 1
1632487330.014907368 2.6172 0 0 0 0 0 1
1632487330.014949550 2.6496 0 0 0 0 0 1
1632487330.054762432 2.6822 0 0 0 0 0 1
1632487330.054880758 2.715 0 0 0 0 0 1
1632487330.054930997 2.748 0 0 0 0 0 1
1632487330.054977974 2.7812 0 0 0 0 0 1
1632487330.104772895 2.8146 0 0 0 0 0 1
1632487330.104969113 2.8482 0 0 0 0 0 1
1632487330.105031790 2.882 0 0 0 0 0 1
1632487330.105088113 2.916 0 0 0 0 0 1
1632487330.105145849 2.9502 0 0 0 0 0 1
1632487330.154778293 2.9846 0 0 0 0 0 1
1632487330.154971311 3.0192 0 0 0 0 0 1
1632487330.155052223 3.054 0 0 0 0 0 1
1632487330.155114997 3.089 0 0 0 0 0 1
1632487330.155166365 3.1242 0 0 0 0 0 1
1632487330.194778126 3.1596 0 0 0 0 0 1
1632487330.194890340 3.1952 0 0 0 0 0 1
1632487330.194925591 3.231 0 0 0 0 0 1
1632487330.194960882 3.267 0 0 0 0 0 1
1632487330.204760228 3.3032 0 0 0 0 0 1
1632487330.214741895 3.3396 0 0 0 0 0 1
1632487330.254736661 3.3762 0 0 0 0 0 1
1632487330.254843515 3.413 0 0 0 0 0 1
1632487330.254894501 3.45 0 0 0 0 0 1
1632487330.254945531 3.4872 0 0 0 0 0 1
1632487330.294744138 3.5246 0 0 0 0 0 1
1632487330.294853913 3.5622 0 0 0 0 0 1
1632487330.294890322 3.6 0 0 0 0 0 1
1632487330.294931750 3.638 0 0 0 0 0 1
1632487330.334743027 3.6762 0 0 0 0 0 1
1632487330.334853963 3.7146 0 0 0 0 0 1
1632487330.334896026 3.7532 0 0 0 0 0 1
1632487330.334937326 3.792 0 0 0 0 0 1
1632487330.384755843 3.831 0 0 0 0 0 1
1632487330.384867758 3.8702 0 0 0 0 0 1
1632487330.384917038 3.9096 0 0 0 0 0 1
1632487330.384959344 3.9492 0 0 0 0 0 1
1632487330.385008564 3.989 0 0 0 0 0 1
1632487330.424757593 4.029 0 0 0 0 0 1
1632487330.424900890 4.0692 0 0 0 0 0 1
1632487330.424989895 4.1096 0 0 0 0 0 1
1632487330.425037667 4.1502 0 0 0 0 0 1
1632487330.434759414 4.191 0 0 0 0 0 1
1632487330.444764286 4.232 0 0 0 0 0 1
1632487330.484757549 4.2732 0 0 0 0 0 1
1632487330.484892178 4.3146 0 0 0 0 0 1
1632487330.484944679 4.3562 0 0 0 0 0 1
1632487330.484999254 4.398 0 0 0 0 0 1
1632487330.524765592 4.44 0 0 0 0 0 1
1632487330.524919384 4.4822 0 0 0 0 0 1
1632487330.524993143 4.5246 0 0 0 0 0 1
1632487330.525056603 4.5672 0 0 0 0 0 1
1632487330.574777822 4.61 0 0 0 0 0 1
1632487330.574888227 4.653 0 0 0 0 0 1
1632487330.574923998 4.6962 0 0 0 0 0 1
1632487330.574957960 4.7396 0 0 0 0 0 1
1632487330.574992657 4.7832 0 0 0 0 0 1
1632487330.614753239 4.827 0 0 0 0 0 1
1632487330.614850210 4.871 0 0 0 0 0 1
1632487330.614885107 4.9152 0 0 0 0 0 1
1632487330.614921059 4.9596 0 0 0 0 0 1
1632487330.624762052 5.0042 0 0 0 0 0 1
1632487330.634747970 5.049 0 0 0 0 0 1
1632487330.674766957 5.094 0 0 0 0 0 1
1632487330.674903547 5.1392 0 0 0 0 0 1
1632487330.674958422 5.1846 0 0 0 0 0 1
1632487330.675007843 5.2302 0 0 0 0 0 1
1632487330.714763321 5.276 0 0 0 0 0 1
1632487330.714865176 5.322 0 0 0 0 0 1
1632487330.714903853 5.3682 0 0 0 0 0 1
1632487330.714937821 5.4146 0 0 0 0 0 1
1632487330.754776368 5.4612 0 0 0 0 0 1
1632487330.754879895 5.508 0 0 0 0 0 1
1632487330.754914730 5.555 0 0 0 0 0 1
1632487330.754949056 5.6022 0 0 0 0 0 1
1632487330.804769240 5.6496 0 0 0 0 0 1
1632487330.804870851 5.6972 0 0 0 0 0 1
1632487330.804906254 5.745 0 0 0 0 0 1
1632487330.804942951 5.793 0 0 0 0 0 1
1632487330.804983588 5.8412 0 0 0 0 0 1
1632487330.854775770 5.8896 0 0 0 0 0 1
1632487330.854962961 5.9382 0 0 0 0 0 1
1632487330.855001572 5.987 0 0 0 0 0 1
1632487330.855036545 6.036 0 0 0 0 0 1
1632487330.864761183 6.0852 0 0 0 0 0 1
1632487330.894772409 6.1346 0 0 0 0 0 1
1632487330.894870657 6.1842 0 0 0 0 0 1
1632487330.894906656 6.234 0 0 0 0 0 1
1632487330.904751406 6.284 0 0 0 0 0 1
1632487330.914746710 6.3342 0 0 0 0 0 1
1632487330.924749489 6.3846 0 0 0 0 0 1
1632487330.954761883 6.4352 0 0 0 0 0 1
1632487330.954867513 6.486 0 0 0 0 0 1
1632487330.954902392 6.537 0 0 0 0 0 1
1632487330.964756415 6.5882 0 0 0 0 0 1
1632487330.994741725 6.6396 0 0 0 0 0 1
1632487330.994853573 6.6912 0 0 0 0 0 1
1632487330.994890044 6.743 0 0 0 0 0 1
1632487331.004734078 6.795 0 0 0 0 0 1
1632487331.044765973 6.8472 0 0 0 0 0 1
1632487331.044869723 6.8996 0 0 0 0 0 1
1632487331.044903873 6.9522 0 0 0 0 0 1
1632487331.044939074 7.005 0 0 0 0 0 1
1632487331.054771441 7.058 0 0 0 0 0 1
1632487331.084746416 7.1112 0 0 0 0 0 1
1632487331.084863921 7.1646 0 0 0 0 0 1
1632487331.084897761 7.2182 0 0 0 0 0 1
1632487331.094767969 7.272 0 0 0 0 0 1
1632487331.104812874 7.326 0 0 0 0 0 1
1632487331.114823071 7.3802 0 0 0 0 0 1
1632487331.144770261 7.4346 0 0 0 0 0 1
1632487331.144935096 7.4892 0 0 0 0 0 1
1632487331.144969276 7.544 0 0 0 0 0 1
1632487331.154754931 7.599 0 0 0 0 0 1
1632487331.184779860 7.6542 0 0 0 0 0 1
1632487331.184882705 7.7096 0 0 0 0 0 1
1632487331.184929247 7.7652 0 0 0 0 0 1
1632487331.194751836 7.821 0 0 0 0 0 1
1632487331.234759776 7.877 0 0 0 0 0 1
1632487331.234886029 7.9332 0 0 0 0 0 1
1632487331.234941512 7.9896 0 0 0 0 0 1
1632487331.234995493 8.0462 0 0 0 0 0 1
1632487331.244819335 8.103 0 0 0 0 0 1
1632487331.274765660 8.16 0 0 0 0 0 1
1632487331.274889536 8.2172 0 0 0 0 0 1
1632487331.274929597 8.2746 0 0 0 0 0 1
1632487331.284761720 8.3322 0 0 0 0 0 1
1632487331.294780543 8.39 0 0 0 0 0 1
1632487331.304776262 8.448 0 0 0 0 0 1
1632487331.334763468 8.5062 0 0 0 0 0 1
1632487331.334874891 8.5646 0 0 0 0 0 1
1632487331.334929789 8.6232 0 0 0 0 0 1
1632487331.344756597 8.682 0 0 0 0 0 1
1632487331.374759171 8.741 0 0 0 0 0 1
1632487331.374885436 8.8002 0 0 0 0 0 1
1632487331.374940903 8.8596 0 0 0 0 0 1
1632487331.384731704 8.9192 0 0 0 0 0 1
1632487331.414777040 8.979 0 0 0 0 0 1
1632487331.414881276 9.039 0 0 0 0 0 1
1632487331.414922910 9.0992 0 0 0 0 0 1
1632487331.424741574 9.1596 0 0 0 0 0 1
1632487331.464769040 9.2202 0 0 0 0 0 1
1632487331.464879600 9.281 0 0 0 0 0 1
1632487331.464917575 9.342 0 0 0 0 0 1
1632487331.464952190 9.4032 0 0 0 0 0 1
1632487331.474741384 9.4646 0 0 0 0 0 1
1632487331.504764222 9.5262 0 0 0 0 0 1
1632487331.504873026 9.588 0 0 0 0 0 1
1632487331.504919461 9.65 0 0 0 0 0 1
1632487331.514816185 9.7122 0 0 0 0 0 1
1632487331.524820576 9.7746 0 0 0 0 0 1
1632487331.534815456 9.8372 0 0 0 0 0 1
1632487331.564771908 9.9 0 0 0 0 0 1
1632487331.564905914 9.963 0 0 0 0 0 1
1632487331.564989771 10.0262 0 0 0 0 0 1
1632487331.574735185 10.0896 0 0 0 0 0 1
1632487331.614787394 10.1532 0 0 0 0 0 1
1632487331.614899132 10.217 0 0 0 0 0 1
1632487331.614956849 10.281 0 0 0 0 0 1
1632487331.615008479 10.3452 0 0 0 0 0 1
1632487331.624761660 10.4096 0 0 0 0 0 1
1632487331.654749292 10.4742 0 0 0 0 0 1
1632487331.654855793 10.539 0 0 0 0 0 1
1632487331.654890935 10.604 0 0 0 0 0 1
1632487331.664762617 10.6692 0 0 0 0 0 1
1632487331.674742689 10.7346 0 0 0 0 0 1
1632487331.684757462 10.8002 0 0 0 0 0 1
1632487331.714755750 10.866 0 0 0 0 0 1
1632487331.714874182 10.932 0 0 0 0 0 1
1632487331.714939848 10.9982 0 0 0 0 0 1
1632487331.724760690 11.0646 0 0 0 0 0 1
1632487331.754748178 11.1312 0 0 0 0 0 1
1632487331.754889490 11.198 0 0 0 0 0 1
1632487331.754945855 11.265 0 0 0 0 0 1
1632487331.764737228 11.3322 0 0 0 0 0 1
1632487331.794758968 11.3996 0 0 0 0 0 1
1632487331.794918446 11.4672 0 0 0 0 0 1
1632487331.794992445 11.535 0 0 0 0 0 1
1632487331.804756356 11.603 0 0 0 0 0 1
1632487331.844814988 11.6712 0 0 0 0 0 1
1632487331.844945087 11.7396 0 0 0 0 0 1
1632487331.844994299 11.8082 0 0 0 0 0 1
1632487331.845034711 11.877 0 0 0 0 0 1
1632487331.854769959 11.946 0 0 0 0 0 1
1632487331.884784068 12.0152 0 0 0 0 0 1
1632487331.884891107 12.0846 0 0 0 0 0 1
1632487331.884930310 12.1542 0 0 0 0 0 1
1632487331.894761964 12.224 0 0 0 0 0 1
1632487331.904737876 12.294 0 0 0 0 0 1
1632487331.914743433 12.3642 0 0 0 0 0 1
1632487331.944761635 12.4346 0 0 0 0 0 1
1632487331.944937497 12.5052 0 0 0 0 0 1
1632487331.944983564 12.576 0 0 0 0 0 1
1632487331.954767742 12.647 0 0 0 0 0 1
1632487331.984774888 12.7182 0 0 0 0 0 1
1632487331.984896628 12.7896 0 0 0 0 0 1
1632487331.984932581 12.8612 0 0 0 0 0 1
1632487331.994759242 12.933 0 0 0 0 0 1
1632487332.034763016 13.005 0 0 0 0 0 1
1632487332.034863793 13.0772 0 0 0 0 0 1
1632487332.034907165 13.1496 0 0 0 0 0 1
1632487332.034943618 13.2222 0 0 0 0 0 1
1632487332.044770323 13.295 0 0 0 0 0 1
1632487332.074745404 13.368 0 0 0 0 0 1
1632487332.074835813 13.4412 0 0 0 0 0 1
1632487332.074870937 13.5146 0 0 0 0 0 1
1632487332.084761301 13.5882 0 0 0 0 0 1
1632487332.094764335 13.662 0 0 0 0 0 1
1632487332.104747834 13.736 0 0 0 0 0 1
1632487332.134757021 13.8102 0 0 0 0 0 1
1632487332.134851630 13.8846 0 0 0 0 0 1
1632487332.134896205 13.9592 0 0 0 0 0 1
1632487332.144762047 14.034 0 0 0 0 0 1
1632487332.174758328 14.109 0 0 0 0 0 1
1632487332.174898372 14.1842 0 0 0 0 0 1
1632487332.174939593 14.2596 0 0 0 0 0 1
1632487332.184748378 14.3352 0 0 0 0 0 1
1632487332.224758457 14.411 0 0 0 0 0 1
1632487332.224858510 14.487 0 0 0 0 0 1
1632487332.224893951 14.5632 0 0 0 0 0 1
1632487332.224943592 14.6396 0 0 0 0 0 1
1632487332.234757319 14.7162 0 0 0 0 0 1
1632487332.264826494 14.793 0 0 0 0 0 1
1632487332.264995344 14.87 0 0 0 0 0 1
1632487332.265054219 14.9472 0 0 0 0 0 1
1632487332.274758253 15.0246 0 0 0 0 0 1
1632487332.284755485 15.1022 0 0 0 0 0 1
1632487332.294745175 15.18 0 0 0 0 0 1
1632487332.324755520 15.258 0 0 0 0 0 1
1632487332.324903729 15.3362 0 0 0 0 0 1
1632487332.324961459 15.4146 0 0 0 0 0 1
1632487332.334751428 15.4932 0 0 0 0 0 1
1632487332.364778607 15.572 0 0 0 0 0 1
1632487332.364878459 15.651 0 0 0 0 0 1
1632487332.364917542 15.7302 0 0 0 0 0 1
1632487332.374765540 15.8096 0 0 0 0 0 1
1632487332.414772076 15.8892 0 0 0 0 0 1
1632487332.414891258 15.969 0 0 0 0 0 1
1632487332.414944688 16.049 0 0 0 0 0 1
1632487332.414994298 16.1292 0 0 0 0 0 1
1632487332.424748378 16.2096 0 0 0 0 0 1
1632487332.454763404 16.2902 0 0 0 0 0 1
1632487332.454891120 16.371 0 0 0 0 0 1
1632487332.454942667 16.452 0 0 0 0 0 1
1632487332.464759310 16.5332 0 0 0 0 0 1
1632487332.474754988 16.6146 0 0 0 0 0 1
1632487332.484755809 16.6962 0 0 0 0 0 1
1632487332.514760126 16.778 0 0 0 0 0 1
1632487332.514894116 16.86 0 0 0 0 0 1
1632487332.514936862 16.9422 0 0 0 0 0 1
1632487332.524750369 17.0246 0 0 0 0 0 1
1632487332.554746323 17.1072 0 0 0 0 0 1
1632487332.554863090 17.19 0 0 0 0 0 1
1632487332.554913586 17.273 0 0 0 0 0 1
1632487332.564764923 17.3562 0 0 0 0 0 1
1632487332.594747603 17.4396 0 0 0 0 0 1
1632487332.594873352 17.5232 0 0 0 0 0 1
1632487332.594912948 17.607 0 0 0 0 0 1
1632487332.604754849 17.691 0 0 0 0 0 1
1632487332.644755607 17.7752 0 0 0 0 0 1
1632487332.644875158 17.8596 0 0 0 0 0 1
1632487332.644929420 17.9442 0 0 0 0 0 1
1632487332.644976730 18.029 0 0 0 0 0 1
1632487332.654756775 18.114 0 0 0 0 0 1
1632487332.684760119 18.1992 0 0 0 0 0 1
1632487332.684848503 18.2846 0 0 0 0 0 1
1632487332.684907606 18.3702 0 0 0 0 0 1
1632487332.694734426 18.456 0 0 0 0 0 1
1632487332.704733786 18.542 0 0 0 0 0 1
1632487332.714744352 18.6282 0 0 0 0 0 1
1632487332.744768350 18.7146 0 0 0 0 0 1
1632487332.744915909 18.8012 0 0 0 0 0 1
1632487332.744981495 18.888 0 0 0 0 0 1
1632487332.754771036 18.975 0 0 0 0 0 1
1632487332.784748446 19.0622 0 0 0 0 0 1
1632487332.784855643 19.1496 0 0 0 0 0 1
1632487332.784909593 19.2372 0 0 0 0 0 1
1632487332.794749230 19.325 0 0 0 0 0 1
1632487332.834774038 19.413 0 0 0 0 0 1
1632487332.834889565 19.5012 0 0 0 0 0 1
1632487332.834946179 19.5896 0 0 0 0 0 1
1632487332.834983188 19.6782 0 0 0 0 0 1
1632487332.844752757 19.767 0 0 0 0 0 1
1632487332.874746651 19.856 0 0 0 0 0 1
1632487332.874850152 19.9452 0 0 0 0 0 1
1632487332.874908016 20.0346 0 0 0 0 0 1
1632487332.884769002 20.1242 0 0 0 0 0 1
1632487332.894815330 20.214 0 0 0 0 0 1
1632487332.904752139 20.304 0 0 0 0 0 1
1632487332.934765552 20.3942 0 0 0 0 0 1
1632487332.934882616 20.4846 0 0 0 0 0 1
1632487332.934915996 20.5752 0 0 0 0 0 1
1632487332.944778201 20.666 0 0 0 0 0 1
1632487332.974757505 20.757 0 0 0 0 0 1
1632487332.974890182 20.8482 0 0 0 0 0 1
1632487332.974950208 20.9396 0 0 0 0 0 1
1632487332.984745373 21.0312 0 0 0 0 0 1
1632487333.024749025 21.123 0 0 0 0 0 1
1632487333.024850250 21.215 0 0 0 0 0 1
1632487333.024890073 21.3072 0 0 0 0 0 1
1632487333.024935499 21.3996 0 0 0 0 0 1
1632487333.034747377 21.4922 0 0 0 0 0 1
1632487333.074769690 21.585 0 0 0 0 0 1
1632487333.074880509 21.678 0 0 0 0 0 1
1632487333.074922816 21.7712 0 0 0 0 0 1
1632487333.074958632 21.8646 0 0 0 0 0 1
1632487333.084756861 21.9582 0 0 0 0 0 1
1632487333.114753953 22.052 0 0 0 0 0 1
1632487333.114890789 22.146 0 0 0 0 0 1
1632487333.114926528 22.2402 0 0 0 0 0 1
1632487333.124748735 22.3346 0 0 0 0 0 1
1632487333.134756261 22.4292 0 0 0 0 0 1
1632487333.144748926 22.524 0 0 0 0 0 1
1632487333.174774850 22.619 0 0 0 0 0 1
1632487333.174876257 22.7142 0 0 0 0 0 1
1632487333.174911753 22.8096 0 0 0 0 0 1
1632487333.184749817 22.9052 0 0 0 0 0 1
1632487333.214766447 23.001 0 0 0 0 0 1
1632487333.214879445 23.097 0 0 0 0 0 1
1632487333.214915373 23.1932 0 0 0 0 0 1
1632487333.224761748 23.2896 0 0 0 0 0 1
1632487333.264821400 23.3862 0 0 0 0 0 1
1632487333.264945186 23.483 0 0 0 0 0 1
1632487333.265033146 23.58 0 0 0 0 0 1
1632487333.265106853 23.6772 0 0 0 0 0 1
1632487333.274817133 23.7746 0 0 0 0 0 1
1632487333.304778602 23.8722 0 0 0 0 0 1
1632487333.304904451 23.97 0 0 0 0 0 1
1632487333.304965277 24.068 0 0 0 0 0 1
1632487333.314795810 24.1662 0 0 0 0 0 1
1632487333.324803423 24.2646 0 0 0 0 0 1
1632487333.334753591 24.3632 0 0 0 0 0 1
1632487333.364773751 24.462 0 0 0 0 0 1
1632487333.364876151 24.561 0 0 0 0 0 1
1632487333.364913674 24.6602 0 0 0 0 0 1
1632487333.374789233 24.7596 0 0 0 0 0 1
1632487333.414780281 24.8592 0 0 0 0 0 1
1632487333.414900939 24.959 0 0 0 0 0 1
1632487333.414938730 25.059 0 0 0 0 0 1
1632487333.414979353 25.1592 0 0 0 0 0 1
1632487333.424826574 25.2596 0 0 0 0 0 1
1632487333.454819169 25.3602 0 0 0 0 0 1
1632487333.454922823 25.461 0 0 0 0 0 1
1632487333.454968577 25.562 0 0 0 0 0 1
1632487333.464754625 25.6632 0 0 0 0 0 1
1632487333.474819738 25.7646 0 0 0 0 0 1
1632487333.484826106 25.8662 0 0 0 0 0 1
1632487333.514760641 25.968 0 0 0 0 0 1
1632487333.514910646 26.07 0 0 0 0 0 1
1632487333.514958130 26.1722 0 0 0 0 0 1
1632487333.524762582 26.2746 0 0 0 0 0 1
1632487333.554769810 26.3772 0 0 0 0 0 1
1632487333.554897286 26.48 0 0 0 0 0 1
1632487333.554937267 26.583 0 0 0 0 0 1
1632487333.564744581 26.6862 0 0 0 0 0 1
1632487333.604825793 26.7896 0 0 0 0 0 1
1632487333.604939839 26.8932 0 0 0 0 0 1
1632487333.605010487 26.997 0 0 0 0 0 1
1632487333.605045941 27.101 0 0 0 0 0 1
1632487333.614745155 27.2052 0 0 0 0 0 1
1632487333.644828279 27.3096 0 0 0 0 0 1
1632487333.644934950 27.4142 0 0 0 0 0 1
1632487333.644997724 27.519 0 0 0 0 0 1
1632487333.654816563 27.624 0 0 0 0 0 1
1632487333.664804386 27.7292 0 0 0 0 0 1
1632487333.674746730 27.8346 0 0 0 0 0 1
1632487333.704760764 27.9402 0 0 0 0 0 1
1632487333.704842614 28.046 0 0 0 0 0 1
1632487333.704897643 28.152 0 0 0 0 0 1
1632487333.714772171 28.2582 0 0 0 0 0 1
1632487333.754767284 28.3646 0 0 0 0 0 1
1632487333.754890011 28.4712 0 0 0 0 0 1
1632487333.754928273 28.578 0 0 0 0 0 1
1632487333.754966180 28.685 0 0 0 0 0 1
1632487333.764760195 28.7922 0 0 0 0 0 1
1632487333.794757593 28.8996 0 0 0 0 0 1
1632487333.794907287 29.0072 0 0 0 0 0 1
1632487333.794976510 29.115 0 0 0 0 0 1
1632487333.804779676 29.223 0 0 0 0 0 1
1632487333.814756722 29.3312 0 0 0 0 0 1
1632487333.824751198 29.4396 0 0 0 0 0 1
1632487333.854764011 29.5482 0 0 0 0 0 1
1632487333.854869761 29.657 0 0 0 0 0 1
1632487333.854909029 29.766 0 0 0 0 0 1
1632487333.864744021 29.8752 0 0 0 0 0 1
1632487333.894746651 29.9846 0 0 0 0 0 1
1632487333.894853159 30.0942 0 0 0 0 0 1
1632487333.894888816 30.204 0 0 0 0 0 1
1632487333.904758477 30.314 0 0 0 0 0 1
1632487333.934764050 30.4242 0 0 0 0 0 1
1632487333.934885040 30.5346 0 0 0 0 0 1
1632487333.934934199 30.6452 0 0 0 0 0 1
1632487333.944742965 30.756 0 0 0 0 0 1
1632487333.984764323 30.867 0 0 0 0 0 1
1632487333.984901732 30.9782 0 0 0 0 0 1
1632487333.984953666 31.0896 0 0 0 0 0 1
1632487333.985007061 31.2012 0 0 0 0 0 1
1632487333.994785977 31.313 0 0 0 0 0 1
1632487334.034773236 31.425 0 0 0 0 0 1
1632487334.034900266 31.5372 0 0 0 0 0 1
1632487334.034950611 31.6496 0 0 0 0 0 1
1632487334.035001043 31.7622 0 0 0 0 0 1
1632487334.044752978 31.875 0 0 0 0 0 1
1632487334.074749385 31.988 0 0 0 0 0 1
1632487334.074858943 32.1012 0 0 0 0 0 1
1632487334.074895827 32.2146 0 0 0 0 0 1
1632487334.084762509 32.3282 0 0 0 0 0 1
1632487334.094773375 32.442 0 0 0 0 0 1
1632487334.104751336 32.556 0 0 0 0 0 1
1632487334.134776289 32.6702 0 0 0 0 0 1
1632487334.134862071 32.7846 0 0 0 0 0 1
1632487334.134892807 32.8992 0 0 0 0 0 1
1632487334.144755605 33.014 0 0 0 0 0 1
1632487334.174761411 33.129 0 0 0 0 0 1
1632487334.174862870 33.2442 0 0 0 0 0 1
1632487334.174926515 33.3596 0 0 0 0 0 1
1632487334.184751710 33.4752 0 0 0 0 0 1
1632487334.214756266 33.591 0 0 0 0 0 1
1632487334.214861239 33.707 0 0 0 0 0 1
1632487334.214914473 33.8232 0 0 0 0 0 1
1632487334.224766461 33.9396 0 0 0 0 0 1
1632487334.264770688 34.0562 0 0 0 0 0 1
1632487334.264895450 34.173 0 0 0 0 0 1
1632487334.264935240 34.29 0 0 0 0 0 1
1632487334.264975744 34.4072 0 0 0 0 0 1
1632487334.274824955 34.5246 0 0 0 0 0 1
1632487334.314771091 34.6422 0 0 0 0 0 1
1632487334.314893970 34.76 0 0 0 0 0 1
1632487334.314945582 34.878 0 0 0 0 0 1
1632487334.314980193 34.9962 0 0 0 0 0 1
1632487334.324741876 35.1146 0 0 0 0 0 1
1632487334.354857851 35.2332 0 0 0 0 0 1
1632487334.354958352 35.352 0 0 0 0 0 1
1632487334.354997479 35.471 0 0 0 0 0 1
1632487334.364801405 35.5902 0 0 0 0 0 1
1632487334.374741540 35.7096 0 0 0 0 0 1
1632487334.384742880 35.8292 0 0 0 0 0 1
1632487334.414759755 35.949 0 0 0 0 0 1
1632487334.414871613 36.069 0 0 0 0 0 1
1632487334.414906614 36.1892 0 0 0 0 0 1
1632487334.424758114 36.3096 0 0 0 0 0 1
1632487334.454772954 36.4302 0 0 0 0 0 1
1632487334.454875579 36.551 0 0 0 0 0 1
1632487334.454922366 36.672 0 0 0 0 0 1
1632487334.464749935 36.7932 0 0 0 0 0 1
1632487334.504781646 36.9146 0 0 0 0 0 1
1632487334.504982733 37.0362 0 0 0 0 0 1
1632487334.505076816 37.158 0 0 0 0 0 1
1632487334.505138750 37.28 0 0 0 0 0 1
1632487334.514773887 37.4022 0 0 0 0 0 1
1632487334.554814445 37.5246 0 0 0 0 0 1
1632487334.554938607 37.6472 0 0 0 0 0 1
1632487334.554972494 37.77 0 0 0 0 0 1
1632487334.555005837 37.893 0 0 0 0 0 1
1632487334.564751159 38.0162 0 0 0 0 0 1
1632487334.594744509 38.1396 0 0 0 0 0 1
1632487334.594871713 38.2632 0 0 0 0 0 1
1632487334.594935430 38.387 0 0 0 0 0 1
1632487334.604788617 38.511 0 0 0 0 0 1
1632487334.614820820 38.6352 0 0 0 0 0 1
1632487334.624734557 38.7596 0 0 0 0 0 1
1632487334.654809684 38.8842 0 0 0 0 0 1
1632487334.654913656 39.009 0 0 0 0 0 1
1632487334.654964927 39.134 0 0 0 0 0 1
1632487334.664741803 39.2592 0 0 0 0 0 1
1632487334.694762698 39.3846 0 0 0 0 0 1
1632487334.694855882 39.5102 0 0 0 0 0 1
1632487334.694911943 39.636 0 0 0 0 0 1
1632487334.704756158 39.762 0 0 0 0 0 1
1632487334.734759626 39.8882 0 0 0 0 0 1
1632487334.734878608 40.0146 0 0 0 0 0 1
1632487334.734915940 40.1412 0 0 0 0 0 1
1632487334.744764542 40.268 0 0 0 0 0 1
1632487334.784782027 40.395 0 0 0 0 0 1
1632487334.784893432 40.5222 0 0 0 0 0 1
1632487334.784930259 40.6496 0 0 0 0 0 1
1632487334.785001430 40.7772 0 0 0 0 0 1
1632487334.794747773 40.905 0 0 0 0 0 1
1632487334.824765946 41.033 0 0 0 0 0 1
1632487334.824968694 41.1612 0 0 0 0 0 1
1632487334.825055920 41.2896 0 0 0 0 0 1
1632487334.834780485 41.4182 0 0 0 0 0 1
1632487334.844769538 41.547 0 0 0 0 0 1
1632487334.854807875 41.676 0 0 0 0 0 1
1632487334.884753550 41.8052 0 0 0 0 0 1
1632487334.884884741 41.9346 0 0 0 0 0 1
1632487334.884933899 42.0642 0 0 0 0 0 1
1632487334.894751441 42.194 0 0 0 0 0 1
1632487334.924772212 42.324 0 0 0 0 0 1
1632487334.924878264 42.4542 0 0 0 0 0 1
1632487334.924914974 42.5846 0 0 0 0 0 1
1632487334.934770533 42.7152 0 0 0 0 0 1
1632487334.974767875 42.846 0 0 0 0 0 1
1632487334.974856303 42.977 0 0 0 0 0 1
1632487334.974908322 43.1082 0 0 0 0 0 1
1632487334.974953792 43.2396 0 0 0 0 0 1
1632487334.984736889 43.3712 0 0 0 0 0 1
1632487335.014760399 43.503 0 0 0 0 0 1
1632487335.014859214 43.635 0 0 0 0 0 1
1632487335.014893110 43.7672 0 0 0 0 0 1
1632487335.024742361 43.8996 0 0 0 0 0 1
1632487335.034731685 44.0322 0 0 0 0 0 1
1632487335.044748788 44.165 0 0 0 0 0 1
1632487335.074742727 44.298 0 0 0 0 0 1
1632487335.074835914 44.4312 0 0 0 0 0 1
1632487335.074870079 44.5646 0 0 0 0 0 1
1632487335.084759386 44.6982 0 0 0 0 0 1
1632487335.114756544 44.832 0 0 0 0 0 1
1632487335.114992790 44.966 0 0 0 0 0 1
1632487335.115058370 45.1002 0 0 0 0 0 1
1632487335.124757597 45.2346 0 0 0 0 0 1
1632487335.154770633 45.3692 0 0 0 0 0 1
1632487335.154877949 45.504 0 0 0 0 0 1
1632487335.154932795 45.639 0 0 0 0 0 1
1632487335.164765646 45.7742 0 0 0 0 0 1
1632487335.204741378 45.9096 0 0 0 0 0 1
1632487335.204829585 46.0452 0 0 0 0 0 1
1632487335.204885581 46.181 0 0 0 0 0 1
1632487335.204926328 46.317 0 0 0 0 0 1
1632487335.214737855 46.4532 0 0 0 0 0 1
1632487335.244760484 46.5896 0 0 0 0 0 1
1632487335.244870534 46.7262 0 0 0 0 0 1
1632487335.244910853 46.863 0 0 0 0 0 1
1632487335.254767912 47 0 0 0 0 0 1
1632487335.264749098 47.1372 0 0 0 0 0 1
1632487335.274769299 47.2746 0 0 0 0 0 1
1632487335.304752287 47.4122 0 0 0 0 0 1
1632487335.304842890 47.55 0 0 0 0 0 1
1632487335.304899880 47.688 0 0 0 0 0 1
1632487335.314773191 47.8262 0 0 0 0 0 1
1632487335.354771245 47.9646 0 0 0 0 0 1
1632487335.354876388 48.1032 0 0 0 0 0 1
1632487335.354934777 48.242 0 0 0 0 0 1
1632487335.354984913 48.381 0 0 0 0 0 1
1632487335.364748530 48.5202 0 0 0 0 0 1
1632487335.394751031 48.6596 0 0 0 0 0 1
1632487335.394861115 48.7992 0 0 0 0 0 1
1632487335.394921218 48.939 0 0 0 0 0 1
1632487335.404770063 49.079 0 0 0 0 0 1
1632487335.414749908 49.2192 0 0 0 0 0 1
1632487335.424744693 49.3596 0 0 0 0 0 1
1632487335.454761616 49.5002 0 0 0 0 0 1
1632487335.454860127 49.641 0 0 0 0 0 1
1632487335.454900511 49.782 0 0 0 0 0 1
1632487335.464754446 49.9232 0 0 0 0 0 1
1632487335.494795160 50.0646 0 0 0 0 0 1
1632487335.494921758 50.2062 0 0 0 0 0 1
1632487335.494976360 50.348 0 0 0 0 0 1
1632487335.504746355 50.49 0 0 0 0 0 1
1632487335.544766203 50.6322 0 0 0 0 0 1
1632487335.544908697 50.7746 0 0 0 0 0 1
1632487335.544962805 50.9172 0 0 0 0 0 1
1632487335.545019551 51.06 0 0 0 0 0 1
1632487335.554753067 51.203 0 0 0 0 0 1
1632487335.584740952 51.3462 0 0 0 0 0 1
1632487335.584856975 51.4896 0 0 0 0 0 1
1632487335.584907237 51.6332 0 0 0 0 0 1
1632487335.594751062 51.777 0 0 0 0 0 1
1632487335.604736569 51.921 0 0 0 0 0 1
1632487335.614763599 52.0652 0 0 0 0 0 1
1632487335.644752678 52.2096 0 0 0 0 0 1
1632487335.644852110 52.3542 0 0 0 0 0 1
1632487335.644923348 52.499 0 0 0 0 0 1
1632487335.654751834 52.644 0 0 0 0 0 1
1632487335.684752840 52.7892 0 0 0 0 0 1
1632487335.684880982 52.9346 0 0 0 0 0 1
1632487335.684944783 53.0802 0 0 0 0 0 1
1632487335.694771199 53.226 0 0 0 0 0 1
1632487335.734772378 53.372 0 0 0 0 0 1
1632487335.734906585 53.5182 0 0 0 0 0 1
1632487335.734968490 53.6646 0 0 0 0 0 1
1632487335.735015639 53.8112 0 0 0 0 0 1
1632487335.744748573 53.958 0 0 0 0 0 1
1632487335.774763195 54.105 0 0 0 0 0 1
1632487335.774880109 54.2522 0 0 0 0 0 1
1632487335.774927815 54.3996 0 0 0 0 0 1
1632487335.784734614 54.5472 0 0 0 0 0 1
1632487335.794766707 54.695 0 0 0 0 0 1
1632487335.804751535 54.843 0 0 0 0 0 1
1632487335.834739672 54.9912 0 0 0 0 0 1
1632487335.834871466 55.1396 0 0 0 0 0 1
1632487335.834927895 55.2882 0 0 0 0 0 1
1632487335.844737524 55.437 0 0 0 0 0 1
1632487335.874741593 55.586 0 0 0 0 0 1
1632487335.874877177 55.7352 0 0 0 0 0 1
1632487335.874944283 55.8846 0 0 0 0 0 1
1632487335.884769775 56.0342 0 0 0 0 0 1
1632487335.914766555 56.184 0 0 0 0 0 1
1632487335.914884304 56.334 0 0 0 0 0 1
1632487335.914933498 56.4842 0 0 0 0 0 1
1632487335.924750759 56.6346 0 0 0 0 0 1
1632487335.964772297 56.7852 0 0 0 0 0 1
1632487335.964878366 56.936 0 0 0 0 0 1
1632487335.964916018 57.087 0 0 0 0 0 1
1632487335.964950564 57.2382 0 0 0 0 0 1
1632487335.974752780 57.3896 0 0 0 0 0 1
1632487336.004754678 57.5412 0 0 0 0 0 1
1632487336.004859028 57.693 0 0 0 0 0 1
1632487336.004892101 57.845 0 0 0 0 0 1
1632487336.014777690 57.9972 0 0 0 0 0 1
1632487336.024734455 58.1496 0 0 0 0 0 1
1632487336.034739860 58.3022 0 0 0 0 0 1
1632487336.064753779 58.455 0 0 0 0 0 1
1632487336.064833191 58.608 0 0 0 0 0 1
1632487336.064867324 58.7612 0 0 0 0 0 1
1632487336.074840147 58.9146 0 0 0 0 0 1
1632487336.105103423 59.0682 0 0 0 0 0 1
1632487336.105264301 59.222 0 0 0 0 0 1
1632487336.105310931 59.376 0 0 0 0 0 1
1632487336.114738406 59.5302 0 0 0 0 0 1
1632487336.154770116 59.6846 0 0 0 0 0 1
1632487336.154892763 59.8392 0 0 0 0 0 1
1632487336.154934029 59.994 0 0 0 0 0 1
1632487336.154974781 60.149 0 0 0 0 0 1
1632487336.164753857 60.3042 0 0 0 0 0 1
1632487336.194812791 60.4596 0 0 0 0 0 1
1632487336.194931783 60.6152 0 0 0 0 0 1
1632487336.195015579 60.771 0 0 0 0 0 1
1632487336.204817870 60.927 0 0 0 0 0 1
1632487336.214806854 61.0832 0 0 0 0 0 1
1632487336.224757726 61.2396 0 0 0 0 0 1
1632487336.254762731 61.3962 0 0 0 0 0 1
1632487336.254873526 61.553 0 0 0 0 0 1
1632487336.254919136 61.71 0 0 0 0 0 1
1632487336.264753998 61.8672 0 0 0 0 0 1
1632487336.294764654 62.0246 0 0 0 0 0 1
1632487336.294872251 62.1822 0 0 0 0 0 1
1632487336.294911467 62.34 0 0 0 0 0 1
1632487336.304744239 62.498 0 0 0 0 0 1
1632487336.334776922 62.6562 0 0 0 0 0 1
1632487336.334884168 62.8146 0 0 0 0 0 1
1632487336.334926524 62.9732 0 0 0 0 0 1
1632487336.344767951 63.132 0 0 0 0 0 1
1632487336.384738668 63.291 0 0 0 0 0 1
1632487336.384830261 63.4502 0 0 0 0 0 1
1632487336.384878992 63.6096 0 0 0 0 0 1
1632487336.384916536 63.7692 0 0 0 0 0 1
1632487336.394755050 63.929 0 0 0 0 0 1
1632487336.434784474 64.089 0 0 0 0 0 1
1632487336.434881906 64.2492 0 0 0 0 0 1
1632487336.434920253 64.4096 0 0 0 0 0 1
1632487336.434957953 64.5702 0 0 0 0 0 1
1632487336.444765790 64.731 0 0 0 0 0 1
1632487336.474742112 64.892 0 0 0 0 0 1
1632487336.474856351 65.0532 0 0 0 0 0 1
1632487336.474901290 65.2146 0 0 0 0 0 1
1632487336.484808706 65.3762 0 0 0 0 0 1
1632487336.494818378 65.538 0 0 0 0 0 1
1632487336.504830040 65.7 0 0 0 0 0 1
1632487336.534758358 65.8622 0 0 0 0 0 1
1632487336.534865740 66.0246 0 0 0 0 0 1
1632487336.534913848 66.1872 0 0 0 0 0 1
1632487336.544752431 66.35 0 0 0 0 0 1
1632487336.574736815 66.513 0 0 0 0 0 1
1632487336.574829044 66.6762 0 0 0 0 0 1
1632487336.574915320 66.8396 0 0 0 0 0 1
1632487336.584747504 67.0032 0 0 0 0 0 1
1632487336.614742619 67.167 0 0 0 0 0 1
1632487336.614870972 67.331 0 0 0 0 0 1
1632487336.614912096 67.4952 0 0 0 0 0 1
1632487336.624758023 67.6596 0 0 0 0 0 1
1632487336.664776973 67.8242 0 0 0 0 0 1
1632487336.664880157 67.989 0 0 0 0 0 1
1632487336.664917718 68.154 0 0 0 0 0 1
1632487336.664953240 68.3192 0 0 0 0 0 1
1632487336.674747716 68.4846 0 0 0 0 0 1
1632487336.704744061 68.6502 0 0 0 0 0 1
1632487336.704857612 68.816 0 0 0 0 0 1
1632487336.704896038 68.982 0 0 0 0 0 1
1632487336.714742650 69.1482 0 0 0 0 0 1
1632487336.724731351 69.3146 0 0 0 0 0 1
1632487336.734729955 69.4812 0 0 0 0 0 1
1632487336.764771556 69.648 0 0 0 0 0 1
1632487336.764865884 69.815 0 0 0 0 0 1
1632487336.764913798 69.9822 0 0 0 0 0 1
1632487336.774752367 70.1496 0 0 0 0 0 1
1632487336.804739065 70.3172 0 0 0 0 0 1
1632487336.804823901 70.485 0 0 0 0 0 1
1632487336.804866410 70.653 0 0 0 0 0 1
1632487336.814741095 70.8212 0 0 0 0 0 1
1632487336.854770837 70.9896 0 0 0 0 0 1
1632487336.854870706 71.1582 0 0 0 0 0 1
1632487336.854902166 71.327 0 0 0 0 0 1
1632487336.854939049 71.496 0 0 0 0 0 1
1632487336.864741391 71.6652 0 0 0 0 0 1
1632487336.894777153 71.8346 0 0 0 0 0 1
1632487336.894871498 72.0042 0 0 0 0 0 1
1632487336.894908403 72.174 0 0 0 0 0 1
1632487336.904753492 72.344 0 0 0 0 0 1
1632487336.914750511 72.5142 0 0 0 0 0 1
1632487336.924747709 72.6846 0 0 0 0 0 1
1632487336.954756133 72.8552 0 0 0 0 0 1
1632487336.954850038 73.026 0 0 0 0 0 1
1632487336.954889817 73.197 0 0 0 0 0 1
1632487336.964752160 73.3682 0 0 0 0 0 1
1632487336.994757334 73.5396 0 0 0 0 0 1
1632487336.994877299 73.7112 0 0 0 0 0 1
1632487336.994917389 73.883 0 0 0 0 0 1
1632487337.004751882 74.055 0 0 0 0 0 1
1632487337.044826311 74.2272 0 0 0 0 0 1
1632487337.044937652 74.3996 0 0 0 0 0 1
1632487337.044998689 74.5722 0 0 0 0 0 1
1632487337.045034130 74.745 0 0 0 0 0 1
1632487337.054759650 74.918 0 0 0 0 0 1
1632487337.084765189 75.0912 0 0 0 0 0 1
1632487337.084869488 75.2646 0 0 0 0 0 1
1632487337.084906209 75.4382 0 0 0 0 0 1
1632487337.094749439 75.612 0 0 0 0 0 1
1632487337.104766792 75.786 0 0 0 0 0 1
1632487337.114764152 75.9602 0 0 0 0 0 1
1632487337.144772653 76.1346 0 0 0 0 0 1
1632487337.144881038 76.3092 0 0 0 0 0 1
1632487337.144917113 76.484 0 0 0 0 0 1
1632487337.154745490 76.659 0 0 0 0 0 1
1632487337.184754061 76.8342 0 0 0 0 0 1
1632487337.184863256 77.0096 0 0 0 0 0 1
1632487337.184900459 77.1852 0 0 0 0 0 1
1632487337.194818298 77.361 0 0 0 0 0 1
1632487337.234782483 77.537 0 0 0 0 0 1
1632487337.234911505 77.7132 0 0 0 0 0 1
1632487337.234951400 77.8896 0 0 0 0 0 1
1632487337.234984132 78.0662 0 0 0 0 0 1
1632487337.244748528 78.243 0 0 0 0 0 1
1632487337.274757719 78.42 0 0 0 0 0 1
1632487337.274867749 78.5972 0 0 0 0 0 1
1632487337.274904935 78.7746 0 0 0 0 0 1
1632487337.284750733 78.9522 0 0 0 0 0 1
1632487337.294744088 79.13 0 0 0 0 0 1
1632487337.304763116 79.308 0 0 0 0 0 1
1632487337.334753843 79.4862 0 0 0 0 0 1
1632487337.334878077 79.6646 0 0 0 0 0 1
1632487337.334913562 79.8432 0 0 0 0 0 1
1632487337.344729669 80.022 0 0 0 0 0 1
1632487337.374758819 80.201 0 0 0 0 0 1
1632487337.374870869 80.3802 0 0 0 0 0 1
1632487337.374917121 80.5596 0 0 0 0 0 1
1632487337.384748944 80.7392 0 0 0 0 0 1
1632487337.424780054 80.919 0 0 0 0 0 1
1632487337.424889015 81.099 0 0 0 0 0 1
1632487337.424925341 81.2792 0 0 0 0 0 1
1632487337.424967514 81.4596 0 0 0 0 0 1
1632487337.434749044 81.6402 0 0 0 0 0 1
1632487337.464751522 81.821 0 0 0 0 0 1
1632487337.464866059 82.002 0 0 0 0 0 1
1632487337.464902219 82.1832 0 0 0 0 0 1
1632487337.474760225 82.3646 0 0 0 0 0 1
1632487337.484753169 82.5462 0 0 0 0 0 1
1632487337.494758538 82.728 0 0 0 0 0 1
1632487337.524784355 82.91 0 0 0 0 0 1
1632487337.525011329 83.0922 0 0 0 0 0 1
1632487337.525064460 83.2746 0 0 0 0 0 1
1632487337.534768719 83.4572 0 0 0 0 0 1
1632487337.564819306 83.64 0 0 0 0 0 1
1632487337.564935698 83.823 0 0 0 0 0 1
1632487337.564978172 84.0062 0 0 0 0 0 1
1632487337.574757311 84.1896 0 0 0 0 0 1
1632487337.614772312 84.3732 0 0 0 0 0 1
1632487337.614889346 84.557 0 0 0 0 0 1
1632487337.614950746 84.741 0 0 0 0 0 1
1632487337.615002708 84.9252 0 0 0 0 0 1
1632487337.624751142 85.1096 0 0 0 0 0 1
1632487337.654757991 85.2942 0 0 0 0 0 1
1632487337.654882652 85.479 0 0 0 0 0 1
1632487337.654950121 85.664 0 0 0 0 0 1
1632487337.664734867 85.8492 0 0 0 0 0 1
1632487337.674739665 86.0346 0 0 0 0 0 1
1632487337.684765476 86.2202 0 0 0 0 0 1
1632487337.714776148 86.406 0 0 0 0 0 1
1632487337.714909221 86.592 0 0 0 0 0 1
1632487337.714949208 86.7782 0 0 0 0 0 1
1632487337.724748810 86.9646 0 0 0 0 0 1
1632487337.754808318 87.1512 0 0 0 0 0 1
1632487337.754942640 87.338 0 0 0 0 0 1
1632487337.754977740 87.525 0 0 0 0 0 1
1632487337.764750379 87.7122 0 0 0 0 0 1
1632487337.804783264 87.8996 0 0 0 0 0 1
1632487337.804875436 88.0872 0 0 0 0 0 1
1632487337.804922273 88.275 0 0 0 0 0 1
1632487337.804986351 88.463 0 0 0 0 0 1
1632487337.814754323 88.6512 0 0 0 0 0 1
1632487337.844777148 88.8396 0 0 0 0 0 1
1632487337.844878167 89.0282 0 0 0 0 0 1
1632487337.844917341 89.217 0 0 0 0 0 1
1632487337.854770884 89.406 0 0 0 0 0 1
1632487337.864751079 89.5952 0 0 0 0 0 1
1632487337.874757505 89.7846 0 0 0 0 0 1
1632487337.904760100 89.9742 0 0 0 0 0 1
1632487337.904852776 90.164 0 0 0 0 0 1
1632487337.904898126 90.354 0 0 0 0 0 1
1632487337.914766723 90.5442 0 0 0 0 0 1
1632487337.944747450 90.7346 0 0 0 0 0 1
1632487337.944875866 90.9252 0 0 0 0 0 1
1632487337.944914514 91.116 0 0 0 0 0 1
1632487337.954749535 91.307 0 0 0 0 0 1
1632487337.994767520 91.4982 0 0 0 0 0 1
1632487337.994897951 91.6896 0 0 0 0 0 1
1632487337.994935777 91.8812 0 0 0 0 0 1
1632487337.994980007 92.073 0 0 0 0 0 1
1632487338.004738237 92.265 0 0 0 0 0 1
1632487338.044763757 92.4572 0 0 0 0 0 1
1632487338.044889019 92.6496 0 0 0 0 0 1
1632487338.044924058 92.8422 0 0 0 0 0 1
1632487338.044986818 93.035 0 0 0 0 0 1
1632487338.054756205 93.228 0 0 0 0 0 1
1632487338.084765892 93.4212 0 0 0 0 0 1
1632487338.084882384 93.6146 0 0 0 0 0 1
1632487338.084941201 93.8082 0 0 0 0 0 1
1632487338.094775780 94.002 0 0 0 0 0 1
1632487338.104768100 94.196 0 0 0 0 0 1
1632487338.114733051 94.3902 0 0 0 0 0 1
1632487338.144753895 94.5846 0 0 0 0 0 1
1632487338.144888602 94.7792 0 0 0 0 0 1
1632487338.144931767 94.974 0 0 0 0 0 1
1632487338.154741337 95.169 0 0 0 0 0 1
1632487338.194783620 95.3642 0 0 0 0 0 1
1632487338.194891480 95.5596 0 0 0 0 0 1
1632487338.194942997 95.7552 0 0 0 0 0 1
1632487338.195000269 95.951 0 0 0 0 0 1
1632487338.204759877 96.147 0 0 0 0 0 1
1632487338.234775811 96.3432 0 0 0 0 0 1
1632487338.234881342 96.5396 0 0 0 0 0 1
1632487338.234936717 96.7362 0 0 0 0 0 1
1632487338.244753441 96.933 0 0 0 0 0 1
1632487338.254774569 97.13 0 0 0 0 0 1
1632487338.264764298 97.3272 0 0 0 0 0 1
1632487338.294773874 97.5246 0 0 0 0 0 1
1632487338.294880289 97.7222 0 0 0 0 0 1
1632487338.294927647 97.92 0 0 0 0 0 1
1632487338.304745811 98.118 0 0 0 0 0 1
1632487338.334751565 98.3162 0 0 0 0 0 1
1632487338.334842884 98.5146 0 0 0 0 0 1
1632487338.334881763 98.7132 0 0 0 0 0 1
1632487338.344805959 98.912 0 0 0 0 0 1
1632487338.374741484 99.111 0 0 0 0 0 1
1632487338.374856732 99.3102 0 0 0 0 0 1
1632487338.374904076 99.5096 0 0 0 0 0 1
1632487338.384755271 99.7092 0 0 0 0 0 1
1632487338.424761986 99.909 0 0 0 0 0 1
1632487338.424872788 100.109 0 0 0 0 0 1
1632487338.424909738 100.309 0 0 0 0 0 1
1632487338.424947212 100.51 0 0 0 0 0 1
1632487338.434768186 100.71 0 0 0 0 0 1
1632487338.464774012 100.911 0 0 0 0 0 1
1632487338.464882821 101.112 0 0 0 0 0 1
1632487338.464919594 101.313 0 0 0 0 0 1
1632487338.474768620 101.515 0 0 0 0 0 1
1632487338.484755806 101.716 0 0 0 0 0 1
1632487338.494755032 101.918 0 0 0 0 0 1
1632487338.524758839 102.12 0 0 0 0 0 1
1632487338.524950510 102.322 0 0 0 0 0 1
1632487338.525012834 102.525 0 0 0 0 0 1
1632487338.534739647 102.727 0 0 0 0 0 1
1632487338.564760575 102.93 0 0 0 0 0 1
1632487338.564858352 103.133 0 0 0 0 0 1
1632487338.564895307 103.336 0 0 0 0 0 1
1632487338.574754540 103.54 0 0 0 0 0 1
1632487338.614767011 103.743 0 0 0 0 0 1
1632487338.614885085 103.947 0 0 0 0 0 1
1632487338.614926561 104.151 0 0 0 0 0 1
1632487338.614962033 104.355 0 0 0 0 0 1
1632487338.624758146 104.56 0 0 0 0 0 1
1632487338.654760387 104.764 0 0 0 0 0 1
1632487338.654871837 104.969 0 0 0 0 0 1
1632487338.654908591 105.174 0 0 0 0 0 1
1632487338.664760028 105.379 0 0 0 0 0 1
1632487338.674749965 105.585 0 0 0 0 0 1
1632487338.684755018 105.79 0 0 0 0 0 1
1632487338.714764879 105.996 0 0 0 0 0 1
1632487338.714895398 106.202 0 0 0 0 0 1
1632487338.714972833 106.408 0 0 0 0 0 1
1632487338.724753733 106.615 0 0 0 0 0 1
1632487338.754765398 106.821 0 0 0 0 0 1
1632487338.754891136 107.028 0 0 0 0 0 1
1632487338.754946371 107.235 0 0 0 0 0 1
1632487338.764755240 107.442 0 0 0 0 0 1
1632487338.794774555 107.65 0 0 0 0 0 1
1632487338.794986338 107.857 0 0 0 0 0 1
1632487338.795040236 108.065 0 0 0 0 0 1
1632487338.804757678 108.273 0 0 0 0 0 1
1632487338.844770166 108.481 0 0 0 0 0 1
1632487338.844900480 108.69 0 0 0 0 0 1
1632487338.844933971 108.898 0 0 0 0 0 1
1632487338.844998060 109.107 0 0 0 0 0 1
1632487338.854758829 109.316 0 0 0 0 0 1
1632487338.884761456 109.525 0 0 0 0 0 1
1632487338.884876748 109.735 0 0 0 0 0 1
1632487338.884925611 109.944 0 0 0 0 0 1
1632487338.894791020 110.154 0 0 0 0 0 1
1632487338.904749848 110.364 0 0 0 0 0 1
1632487338.914754275 110.574 0 0 0 0 0 1
1632487338.944752510 110.785 0 0 0 0 0 1
1632487338.944855243 110.995 0 0 0 0 0 1
1632487338.944913328 111.206 0 0 0 0 0 1
1632487338.954775581 111.417 0 0 0 0 0 1
1632487338.984799020 111.628 0 0 0 0 0 1
1632487338.984904149 111.84 0 0 0 0 0 1
1632487338.984939705 112.051 0 0 0 0 0 1
1632487338.994765358 112.263 0 0 0 0 0 1
1632487339.034756450 112.475 0 0 0 0 0 1
1632487339.034879100 112.687 0 0 0 0 0 1
1632487339.034911911 112.9 0 0 0 0 0 1
1632487339.034942835 113.112 0 0 0 0 0 1
1632487339.044758206 113.325 0 0 0 0 0 1
1632487339.084837868 113.538 0 0 0 0 0 1
1632487339.084935789 113.751 0 0 0 0 0 1
1632487339.084990777 113.965 0 0 0 0 0 1
1632487339.085024578 114.178 0 0 0 0 0 1
1632487339.094766658 114.392 0 0 0 0 0 1
1632487339.124774887 114.606 0 0 0 0 0 1
1632487339.124890608 114.82 0 0 0 0 0 1
1632487339.124934609 115.035 0 0 0 0 0 1
1632487339.134734329 115.249 0 0 0 0 0 1
1632487339.144733853 115.464 0 0 0 0 0 1
1632487339.154775302 115.679 0 0 0 0 0 1
1632487339.184767618 115.894 0 0 0 0 0 1
1632487339.184895748 116.11 0 0 0 0 0 1
1632487339.184932684 116.325 0 0 0 0 0 1
1632487339.194767126 116.541 0 0 0 0 0 1
1632487339.224739234 116.757 0 0 0 0 0 1
1632487339.224857761 116.973 0 0 0 0 0 1
1632487339.224894412 117.19 0 0 0 0 0 1
1632487339.234747718 117.406 0 0 0 0 0 1
1632487339.274759428 117.623 0 0 0 0 0 1
1632487339.274848599 117.84 0 0 0 0 0 1
1632487339.274888464 118.057 0 0 0 0 0 1
1632487339.274927587 118.275 0 0 0 0 0 1
1632487339.284758209 118.492 0 0 0 0 0 1
1632487339.314744497 118.71 0 0 0 0 0 1
1632487339.314852433 118.928 0 0 0 0 0 1
1632487339.314888922 119.146 0 0 0 0 0 1
1632487339.324738625 119.365 0 0 0 0 0 1
1632487339.334752052 119.583 0 0 0 0 0 1
1632487339.344753491 119.802 0 0 0 0 0 1
1632487339.374772037 120.021 0 0 0 0 0 1
1632487339.374881630 120.24 0 0 0 0 0 1
1632487339.374926027 120.46 0 0 0 0 0 1
1632487339.384733299 120.679 0 0 0 0 0 1
1632487339.414774783 120.899 0 0 0 0 0 1
1632487339.414859177 121.119 0 0 0 0 0 1
1632487339.414904923 121.339 0 0 0 0 0 1
1632487339.424750221 121.56 0 0 0 0 0 1
1632487339.454773563 121.78 0 0 0 0 0 1
1632487339.454867963 122.001 0 0 0 0 0 1
1632487339.454913311 122.222 0 0 0 0 0 1
1632487339.464829034 122.443 0 0 0 0 0 1
1632487339.504838762 122.665 0 0 0 0 0 1
1632487339.504964947 122.886 0 0 0 0 0 1
1632487339.505020597 123.108 0 0 0 0 0 1
1632487339.505061803 123.33 0 0 0 0 0 1
1632487339.514805808 123.552 0 0 0 0 0 1
1632487339.544767714 123.775 0 0 0 0 0 1
1632487339.544875162 123.997 0 0 0 0 0 1
1632487339.544906878 124.22 0 0 0 0 0 1
1632487339.554730610 124.443 0 0 0 0 0 1
1632487339.564781312 124.666 0 0 0 0 0 1
1632487339.574767736 124.89 0 0 0 0 0 1
1632487339.604763179 125.113 0 0 0 0 0 1
1632487339.604853781 125.337 0 0 0 0 0 1
1632487339.604894446 125.561 0 0 0 0 0 1
1632487339.614765287 125.785 0 0 0 0 0 1
1632487339.644805814 126.01 0 0 0 0 0 1
1632487339.644904971 126.234 0 0 0 0 0 1
1632487339.644942798 126.459 0 0 0 0 0 1
1632487339.654799011 126.684 0 0 0 0 0 1
1632487339.694806147 126.909 0 0 0 0 0 1
1632487339.694965672 127.135 0 0 0 0 0 1
1632487339.695016028 127.36 0 0 0 0 0 1
1632487339.695082942 127.586 0 0 0 0 0 1
1632487339.704819852 127.812 0 0 0 0 0 1
1632487339.734775317 128.038 0 0 0 0 0 1
1632487339.734881608 128.265 0 0 0 0 0 1
1632487339.734945729 128.491 0 0 0 0 0 1
1632487339.744750345 128.718 0 0 0 0 0 1
1632487339.754854812 128.945 0 0 0 0 0 1
1632487339.764777276 129.172 0 0 0 0 0 1
1632487339.794779327 129.4 0 0 0 0 0 1
1632487339.794897734 129.627 0 0 0 0 0 1
1632487339.794937976 129.855 0 0 0 0 0 1
1632487339.804770643 130.083 0 0 0 0 0 1
1632487339.834776838 130.311 0 0 0 0 0 1
1632487339.834905868 130.54 0 0 0 0 0 1
1632487339.834941990 130.768 0 0 0 0 0 1
1632487339.844803360 130.997 0 0 0 0 0 1
1632487339.874809276 131.226 0 0 0 0 0 1
1632487339.874913488 131.455 0 0 0 0 0 1
1632487339.874955561 131.685 0 0 0 0 0 1
1632487339.884756373 131.914 0 0 0 0 0 1
1632487339.924800565 132.144 0 0 0 0 0 1
1632487339.924897024 132.374 0 0 0 0 0 1
1632487339.924961061 132.604 0 0 0 0 0 1
1632487339.925008659 132.835 0 0 0 0 0 1
1632487339.934824700 133.065 0 0 0 0 0 1
1632487339.964781693 133.296 0 0 0 0 0 1
1632487339.964913400 133.527 0 0 0 0 0 1
1632487339.964953493 133.758 0 0 0 0 0 1
1632487339.974739280 133.99 0 0 0 0 0 1
1632487339.984840641 134.221 0 0 0 0 0 1
1632487339.994803224 134.453 0 0 0 0 0 1
1632487340.024743112 134.685 0 0 0 0 0 1
1632487340.024859565 134.917 0 0 0 0 0 1
1632487340.024898805 135.15 0 0 0 0 0 1
1632487340.034804815 135.382 0 0 0 0 0 1
1632487340.064804496 135.615 0 0 0 0 0 1
1632487340.064901376 135.848 0 0 0 0 0 1
1632487340.064957266 136.081 0 0 0 0 0 1
1632487340.074748878 136.315 0 0 0 0 0 1
1632487340.114834195 136.548 0 0 0 0 0 1
1632487340.114959644 136.782 0 0 0 0 0 1
1632487340.115007485 137.016 0 0 0 0 0 1
1632487340.115062715 137.25 0 0 0 0 0 1
1632487340.124808889 137.485 0 0 0 0 0 1
1632487340.154809147 137.719 0 0 0 0 0 1
1632487340.154909835 137.954 0 0 0 0 0 1
1632487340.154957272 138.189 0 0 0 0 0 1
1632487340.164807347 138.424 0 0 0 0 0 1
1632487340.174741570 138.66 0 0 0 0 0 1
1632487340.184750848 138.895 0 0 0 0 0 1
1632487340.214761417 139.131 0 0 0 0 0 1
1632487340.214868072 139.367 0 0 0 0 0 1
1632487340.214923765 139.603 0 0 0 0 0 1
1632487340.224754532 139.84 0 0 0 0 0 1
1632487340.254826960 140.076 0 0 0 0 0 1
1632487340.254957602 140.313 0 0 0 0 0 1
1632487340.254994561 140.55 0 0 0 0 0 1
1632487340.264824973 140.787 0 0 0 0 0 1
1632487340.294770919 141.025 0 0 0 0 0 1
1632487340.294883658 141.262 0 0 0 0 0 1
1632487340.294925221 141.5 0 0 0 0 0 1
1632487340.304826836 141.738 0 0 0 0 0 1
1632487340.344738783 141.976 0 0 0 0 0 1
1632487340.344836939 142.215 0 0 0 0 0 1
1632487340.344875832 142.453 0 0 0 0 0 1
1632487340.344911081 142.692 0 0 0 0 0 1
1632487340.354733228 142.931 0 0 0 0 0 1
1632487340.384740549 143.17 0 0 0 0 0 1
1632487340.384847507 143.41 0 0 0 0 0 1
1632487340.384885534 143.649 0 0 0 0 0 1
1632487340.394751467 143.889 0 0 0 0 0 1
1632487340.404749298 144.129 0 0 0 0 0 1
1632487340.414756189 144.369 0 0 0 0 0 1
1632487340.444777088 144.61 0 0 0 0 0 1
1632487340.444888510 144.85 0 0 0 0 0 1
1632487340.444925395 145.091 0 0 0 0 0 1
1632487340.454751868 145.332 0 0 0 0 0 1
1632487340.484732910 145.573 0 0 0 0 0 1
1632487340.484843573 145.815 0 0 0 0 0 1
1632487340.484886027 146.056 0 0 0 0 0 1
1632487340.494775754 146.298 0 0 0 0 0 1
1632487340.534769404 146.54 0 0 0 0 0 1
1632487340.534893794 146.782 0 0 0 0 0 1
1632487340.534932581 147.025 0 0 0 0 0 1
1632487340.534967699 147.267 0 0 0 0 0 1
1632487340.544758469 147.51 0 0 0 0 0 1
1632487340.574764222 147.753 0 0 0 0 0 1
1632487340.574870898 147.996 0 0 0 0 0 1
1632487340.574907563 148.24 0 0 0 0 0 1
1632487340.584764875 148.483 0 0 0 0 0 1
1632487340.594753029 148.727 0 0 0 0 0 1
1632487340.604746433 148.971 0 0 0 0 0 1
1632487340.634779664 149.215 0 0 0 0 0 1
1632487340.634908138 149.46 0 0 0 0 0 1
1632487340.634941238 149.704 0 0 0 0 0 1
1632487340.644747421 149.949 0 0 0 0 0 1
1632487340.674755436 150.194 0 0 0 0 0 1
1632487340.674872777 150.439 0 0 0 0 0 1
1632487340.674922042 150.685 0 0 0 0 0 1
1632487340.684761128 150.93 0 0 0 0 0 1
1632487340.714752333 151.176 0 0 0 0 0 1
1632487340.714898246 151.422 0 0 0 0 0 1
1632487340.714958928 151.668 0 0 0 0 0 1
1632487340.724708712 151.915 0 0 0 0 0 1
1632487340.764764901 152.161 0 0 0 0 0 1
1632487340.764881953 152.408 0 0 0 0 0 1
1632487340.764921464 152.655 0 0 0 0 0 1
1632487340.764957513 152.902 0 0 0 0 0 1
1632487340.774746349 153.15 0 0 0 0 0 1
1632487340.804738763 153.397 0 0 0 0 0 1
1632487340.804839595 153.645 0 0 0 0 0 1
1632487340.804875471 153.893 0 0 0 0 0 1
1632487340.814747628 154.141 0 0 0 0 0 1
1632487340.824758278 154.39 0 0 0 0 0 1
1632487340.834742089 154.638 0 0 0 0 0 1
1632487340.864759250 154.887 0 0 0 0 0 1
1632487340.864865850 155.136 0 0 0 0 0 1
1632487340.864911540 155.385 0 0 0 0 0 1
1632487340.874753798 155.635 0 0 0 0 0 1
1632487340.904770798 155.884 0 0 0 0 0 1
1632487340.904959679 156.134 0 0 0 0 0 1
1632487340.905019010 156.384 0 0 0 0 0 1
1632487340.914769066 156.634 0 0 0 0 0 1
1632487340.954771319 156.885 0 0 0 0 0 1
1632487340.954905197 157.135 0 0 0 0 0 1
1632487340.954949445 157.386 0 0 0 0 0 1
1632487340.954991315 157.637 0 0 0 0 0 1
1632487340.964744370 157.888 0 0 0 0 0 1
1632487340.994770440 158.14 0 0 0 0 0 1
1632487340.994957342 158.391 0 0 0 0 0 1
1632487340.995080852 158.643 0 0 0 0 0 1
1632487341.004797038 158.895 0 0 0 0 0 1
1632487341.014757528 159.147 0 0 0 0 0 1
1632487341.024735493 159.4 0 0 0 0 0 1
1632487341.054794111 159.652 0 0 0 0 0 1
1632487341.054951717 159.905 0 0 0 0 0 1
1632487341.054992811 160.158 0 0 0 0 0 1
1632487341.064758394 160.411 0 0 0 0 0 1
1632487341.094754381 160.665 0 0 0 0 0 1
1632487341.094898825 160.918 0 0 0 0 0 1
1632487341.094936355 161.172 0 0 0 0 0 1
1632487341.104749013 161.426 0 0 0 0 0 1
1632487341.134748533 161.68 0 0 0 0 0 1
1632487341.134883932 161.935 0 0 0 0 0 1
1632487341.134934460 162.189 0 0 0 0 0 1
1632487341.144758376 162.444 0 0 0 0 0 1
1632487341.184753599 162.699 0 0 0 0 0 1
1632487341.184875786 162.954 0 0 0 0 0 1
1632487341.184937822 163.21 0 0 0 0 0 1
1632487341.184997334 163.465 0 0 0 0 0 1
1632487341.194762316 163.721 0 0 0 0 0 1
1632487341.234771018 163.977 0 0 0 0 0 1
1632487341.234903831 164.233 0 0 0 0 0 1
1632487341.234954923 164.49 0 0 0 0 0 1
1632487341.235005475 164.746 0 0 0 0 0 1
1632487341.244754646 165.003 0 0 0 0 0 1
1632487341.274759959 165.26 0 0 0 0 0 1
1632487341.274884905 165.517 0 0 0 0 0 1
1632487341.274937693 165.775 0 0 0 0 0 1
1632487341.284758277 166.032 0 0 0 0 0 1
1632487341.294757069 166.29 0 0 0 0 0 1
1632487341.304762306 166.548 0 0 0 0 0 1
1632487341.334761350 166.806 0 0 0 0 0 1
1632487341.334863002 167.065 0 0 0 0 0 1
1632487341.334899108 167.323 0 0 0 0 0 1
1632487341.344737231 167.582 0 0 0 0 0 1
1632487341.374745624 167.841 0 0 0 0 0 1
1632487341.374842751 168.1 0 0 0 0 0 1
1632487341.374883049 168.36 0 0 0 0 0 1
1632487341.384755459 168.619 0 0 0 0 0 1
1632487341.414765384 168.879 0 0 0 0 0 1
1632487341.414877048 169.139 0 0 0 0 0 1
1632487341.414920523 169.399 0 0 0 0 0 1
1632487341.424763709 169.66 0 0 0 0 0 1
1632487341.464760930 169.92 0 0 0 0 0 1
1632487341.464888521 170.181 0 0 0 0 0 1
1632487341.464945128 170.442 0 0 0 0 0 1
1632487341.465013467 170.703 0 0 0 0 0 1
1632487341.474744422 170.965 0 0 0 0 0 1
1632487341.504756527 171.226 0 0 0 0 0 1
1632487341.504897046 171.488 0 0 0 0 0 1
1632487341.504961390 171.75 0 0 0 0 0 1
1632487341.514751355 172.012 0 0 0 0 0 1
1632487341.524744455 172.275 0 0 0 0 0 1
1632487341.534758073 172.537 0 0 0 0 0 1
1632487341.564765701 172.8 0 0 0 0 0 1
1632487341.564874169 173.063 0 0 0 0 0 1
1632487341.564909950 173.326 0 0 0 0 0 1
1632487341.574756861 173.59 0 0 0 0 0 1
1632487341.604764284 173.853 0 0 0 0 0 1
1632487341.604858396 174.117 0 0 0 0 0 1
1632487341.604895283 174.381 0 0 0 0 0 1
1632487341.614769356 174.645 0 0 0 0 0 1
1632487341.654762222 174.91 0 0 0 0 0 1
1632487341.654860756 175.174 0 0 0 0 0 1
1632487341.654894680 175.439 0 0 0 0 0 1
1632487341.654949164 175.704 0 0 0 0 0 1
1632487341.664747775 175.969 0 0 0 0 0 1
1632487341.694776054 176.235 0 0 0 0 0 1
1632487341.694879670 176.5 0 0 0 0 0 1
1632487341.694952334 176.766 0 0 0 0 0 1
1632487341.704742448 177.032 0 0 0 0 0 1
1632487341.714753562 177.298 0 0 0 0 0 1
1632487341.724733594 177.565 0 0 0 0 0 1
1632487341.754777756 177.831 0 0 0 0 0 1
1632487341.754868404 178.098 0 0 0 0 0 1
1632487341.755031104 178.365 0 0 0 0 0 1
1632487341.764828489 178.632 0 0 0 0 0 1
1632487341.794801428 178.9 0 0 0 0 0 1
1632487341.794914638 179.167 0 0 0 0 0 1
1632487341.794956961 179.435 0 0 0 0 0 1
1632487341.804762853 179.703 0 0 0 0 0 1
1632487341.834784924 179.971 0 0 0 0 0 1
1632487341.835011998 180.24 0 0 0 0 0 1
1632487341.835109480 180.508 0 0 0 0 0 1
1632487341.844750799 180.777 0 0 0 0 0 1
1632487341.884779028 181.046 0 0 0 0 0 1
1632487341.884871193 181.315 0 0 0 0 0 1
1632487341.884908678 181.585 0 0 0 0 0 1
1632487341.884945602 181.854 0 0 0 0 0 1
1632487341.894752243 182.124 0 0 0 0 0 1
1632487341.924755666 182.394 0 0 0 0 0 1
1632487341.924872383 182.664 0 0 0 0 0 1
1632487341.924923456 182.935 0 0 0 0 0 1
1632487341.934745408 183.205 0 0 0 0 0 1
1632487341.944705753 183.476 0 0 0 0 0 1
1632487341.954731997 183.747 0 0 0 0 0 1
1632487341.984755898 184.018 0 0 0 0 0 1
1632487341.984867115 184.29 0 0 0 0 0 1
1632487341.984908939 184.561 0 0 0 0 0 1
1632487341.994747540 184.833 0 0 0 0 0 1
1632487342.024747240 185.105 0 0 0 0 0 1
1632487342.024876149 185.377 0 0 0 0 0 1
1632487342.024924045 185.65 0 0 0 0 0 1
1632487342.034756578 185.922 0 0 0 0 0 1
1632487342.074741731 186.195 0 0 0 0 0 1
1632487342.074830900 186.468 0 0 0 0 0 1
1632487342.074879060 186.741 0 0 0 0 0 1
1632487342.074922219 187.015 0 0 0 0 0 1
1632487342.084741909 187.288 0 0 0 0 0 1
1632487342.124764601 187.562 0 0 0 0 0 1
1632487342.124868352 187.836 0 0 0 0 0 1
1632487342.124909954 188.11 0 0 0 0 0 1
1632487342.124944642 188.385 0 0 0 0 0 1
1632487342.134776924 188.659 0 0 0 0 0 1
1632487342.164780944 188.934 0 0 0 0 0 1
1632487342.164880438 189.209 0 0 0 0 0 1
1632487342.164920859 189.484 0 0 0 0 0 1
1632487342.174758276 189.76 0 0 0 0 0 1
1632487342.184747399 190.035 0 0 0 0 0 1
1632487342.194772589 190.311 0 0 0 0 0 1
1632487342.224764512 190.587 0 0 0 0 0 1
1632487342.224883393 190.863 0 0 0 0 0 1
1632487342.224942258 191.14 0 0 0 0 0 1
1632487342.234855647 191.416 0 0 0 0 0 1
1632487342.274736837 191.693 0 0 0 0 0 1
1632487342.274849062 191.97 0 0 0 0 0 1
1632487342.274883943 192.247 0 0 0 0 0 1
1632487342.274925820 192.525 0 0 0 0 0 1
1632487342.284829998 192.802 0 0 0 0 0 1
1632487342.314751922 193.08 0 0 0 0 0 1
1632487342.314929316 193.358 0 0 0 0 0 1
1632487342.314981534 193.636 0 0 0 0 0 1
1632487342.324833633 193.915 0 0 0 0 0 1
1632487342.334807285 194.193 0 0 0 0 0 1
1632487342.344752247 194.472 0 0 0 0 0 1
1632487342.374742703 194.751 0 0 0 0 0 1
1632487342.374849966 195.03 0 0 0 0 0 1
1632487342.374921631 195.31 0 0 0 0 0 1
1632487342.384761194 195.589 0 0 0 0 0 1
1632487342.414777660 195.869 0 0 0 0 0 1
1632487342.414903502 196.149 0 0 0 0 0 1
1632487342.414952823 196.429 0 0 0 0 0 1
1632487342.424766664 196.71 0 0 0 0 0 1
1632487342.454768267 196.99 0 0 0 0 0 1
1632487342.454892468 197.271 0 0 0 0 0 1
1632487342.454938542 197.552 0 0 0 0 0 1
1632487342.464754241 197.833 0 0 0 0 0 1
1632487342.504753266 198.115 0 0 0 0 0 1
1632487342.504894623 198.396 0 0 0 0 0 1
1632487342.504953669 198.678 0 0 0 0 0 1
1632487342.505044497 198.96 0 0 0 0 0 1
1632487342.514749154 199.242 0 0 0 0 0 1
1632487342.554773673 199.525 0 0 0 0 0 1
1632487342.554870532 199.807 0 0 0 0 0 1
1632487342.554910747 200.09 0 0 0 0 0 1
1632487342.554947604 200.373 0 0 0 0 0 1
1632487342.564752551 200.656 0 0 0 0 0 1
1632487342.594769818 200.94 0 0 0 0 0 1
1632487342.594889730 201.223 0 0 0 0 0 1
1632487342.594924855 201.507 0 0 0 0 0 1
1632487342.604762451 201.791 0 0 0 0 0 1
1632487342.614793693 202.075 0 0 0 0 0 1
1632487342.624760475 202.36 0 0 0 0 0 1
1632487342.654756348 202.644 0 0 0 0 0 1
1632487342.654851042 202.929 0 0 0 0 0 1
1632487342.654897204 203.214 0 0 0 0 0 1
1632487342.664757067 203.499 0 0 0 0 0 1
1632487342.694753629 203.785 0 0 0 0 0 1
1632487342.694840302 204.07 0 0 0 0 0 1
1632487342.694873831 204.356 0 0 0 0 0 1
1632487342.704771920 204.642 0 0 0 0 0 1
1632487342.734781890 204.928 0 0 0 0 0 1
1632487342.734890185 205.215 0 0 0 0 0 1
1632487342.734938978 205.501 0 0 0 0 0 1
1632487342.744764652 205.788 0 0 0 0 0 1
1632487342.784754409 206.075 0 0 0 0 0 1
1632487342.784846175 206.362 0 0 0 0 0 1
1632487342.784881240 206.65 0 0 0 0 0 1
1632487342.784952682 206.937 0 0 0 0 0 1
1632487342.794797402 207.225 0 0 0 0 0 1
1632487342.824759600 207.513 0 0 0 0 0 1
1632487342.824881259 207.801 0 0 0 0 0 1
1632487342.824920374 208.09 0 0 0 0 0 1
1632487342.834790255 208.378 0 0 0 0 0 1
1632487342.844775823 208.667 0 0 0 0 0 1
1632487342.854774564 208.956 0 0 0 0 0 1
1632487342.884754910 209.245 0 0 0 0 0 1
1632487342.884884719 209.535 0 0 0 0 0 1
1632487342.884923990 209.824 0 0 0 0 0 1
1632487342.894763948 210.114 0 0 0 0 0 1
1632487342.924749306 210.404 0 0 0 0 0 1
1632487342.924868512 210.694 0 0 0 0 0 1
1632487342.924927136 210.985 0 0 0 0 0 1
1632487342.934750426 211.275 0 0 0 0 0 1
1632487342.974755530 211.566 0 0 0 0 0 1
1632487342.974871717 211.857 0 0 0 0 0 1
1632487342.974909598 212.148 0 0 0 0 0 1
1632487342.974959362 212.44 0 0 0 0 0 1
1632487342.984878613 212.731 0 0 0 0 0 1
1632487343.014839116 213.023 0 0 0 0 0 1
1632487343.014964622 213.315 0 0 0 0 0 1
1632487343.015003180 213.607 0 0 0 0 0 1
1632487343.024743958 213.9 0 0 0 0 0 1
1632487343.034808012 214.192 0 0 0 0 0 1
1632487343.044742129 214.485 0 0 0 0 0 1
1632487343.074738823 214.778 0 0 0 0 0 1
1632487343.074825841 215.071 0 0 0 0 0 1
1632487343.074864452 215.365 0 0 0 0 0 1
1632487343.084747459 215.658 0 0 0 0 0 1
1632487343.114774991 215.952 0 0 0 0 0 1
1632487343.114891054 216.246 0 0 0 0 0 1
1632487343.114928077 216.54 0 0 0 0 0 1
1632487343.124767706 216.835 0 0 0 0 0 1
1632487343.164802405 217.129 0 0 0 0 0 1
1632487343.164896481 217.424 0 0 0 0 0 1
1632487343.164939796 217.719 0 0 0 0 0 1
1632487343.164985255 218.014 0 0 0 0 0 1
1632487343.174734257 218.31 0 0 0 0 0 1
1632487343.214780379 218.605 0 0 0 0 0 1
1632487343.214882894 218.901 0 0 0 0 0 1
1632487343.214918454 219.197 0 0 0 0 0 1
1632487343.214950481 219.493 0 0 0 0 0 1
1632487343.224774458 219.79 0 0 0 0 0 1
1632487343.254771325 220.086 0 0 0 0 0 1
1632487343.254878159 220.383 0 0 0 0 0 1
1632487343.254914186 220.68 0 0 0 0 0 1
1632487343.264750080 220.977 0 0 0 0 0 1
1632487343.274771200 221.275 0 0 0 0 0 1
1632487343.284735713 221.572 0 0 0 0 0 1
1632487343.314773194 221.87 0 0 0 0 0 1
1632487343.314879762 222.168 0 0 0 0 0 1
1632487343.314928445 222.466 0 0 0 0 0 1
1632487343.324749089 222.765 0 0 0 0 0 1
1632487343.354788207 223.063 0 0 0 0 0 1
1632487343.354943620 223.362 0 0 0 0 0 1
1632487343.354987355 223.661 0 0 0 0 0 1
1632487343.364748292 223.96 0 0 0 0 0 1
1632487343.394751074 224.26 0 0 0 0 0 1
1632487343.394837735 224.559 0 0 0 0 0 1
1632487343.394871574 224.859 0 0 0 0 0 1
1632487343.404749286 225.159 0 0 0 0 0 1
1632487343.444763198 225.459 0 0 0 0 0 1
1632487343.444868780 225.76 0 0 0 0 0 1
1632487343.444905680 226.06 0 0 0 0 0 1
1632487343.444943644 226.361 0 0 0 0 0 1
1632487343.454753402 226.662 0 0 0 0 0 1
1632487343.484738117 226.963 0 0 0 0 0 1
1632487343.484839491 227.265 0 0 0 0 0 1
1632487343.484882062 227.566 0 0 0 0 0 1
1632487343.494740176 227.868 0 0 0 0 0 1
1632487343.504742861 228.17 0 0 0 0 0 1
1632487343.514768839 228.472 0 0 0 0 0 1
1632487343.544758976 228.775 0 0 0 0 0 1
1632487343.544884950 229.077 0 0 0 0 0 1
1632487343.544933505 229.38 0 0 0 0 0 1
1632487343.554753005 229.683 0 0 0 0 0 1
1632487343.584793622 229.986 0 0 0 0 0 1
1632487343.584884478 230.29 0 0 0 0 0 1
1632487343.584914502 230.593 0 0 0 0 0 1
1632487343.594763231 230.897 0 0 0 0 0 1
1632487343.634765697 231.201 0 0 0 0 0 1
1632487343.634885001 231.505 0 0 0 0 0 1
1632487343.634918474 231.81 0 0 0 0 0 1
1632487343.634952233 232.114 0 0 0 0 0 1
1632487343.644764792 232.419 0 0 0 0 0 1
1632487343.674744231 232.724 0 0 0 0 0 1
1632487343.674851616 233.029 0 0 0 0 0 1
1632487343.674890232 233.335 0 0 0 0 0 1
1632487343.684762854 233.64 0 0 0 0 0 1
1632487343.694756985 233.946 0 0 0 0 0 1
1632487343.704765667 234.252 0 0 0 0 0 1
1632487343.734779647 234.558 0 0 0 0 0 1
1632487343.734883839 234.865 0 0 0 0 0 1
1632487343.734922326 235.171 0 0 0 0 0 1
1632487343.744750848 235.478 0 0 0 0 0 1
1632487343.774755172 235.785 0 0 0 0 0 1
1632487343.774848101 236.092 0 0 0 0 0 1
1632487343.774901113 236.4 0 0 0 0 0 1
1632487343.784753932 236.707 0 0 0 0 0 1
1632487343.814756759 237.015 0 0 0 0 0 1
1632487343.814872075 237.323 0 0 0 0 0 1
1632487343.814903682 237.631 0 0 0 0 0 1
1632487343.824760580 237.94 0 0 0 0 0 1
1632487343.864763602 238.248 0 0 0 0 0 1
1632487343.864884728 238.557 0 0 0 0 0 1
1632487343.864924372 238.866 0 0 0 0 0 1
1632487343.864977856 239.175 0 0 0 0 0 1
1632487343.874756406 239.485 0 0 0 0 0 1
1632487343.914768531 239.794 0 0 0 0 0 1
1632487343.914916148 240.104 0 0 0 0 0 1
1632487343.914979534 240.414 0 0 0 0 0 1
1632487343.915053085 240.724 0 0 0 0 0 1
1632487343.924746593 241.035 0 0 0 0 0 1
1632487343.954784382 241.345 0 0 0 0 0 1
1632487343.954888253 241.656 0 0 0 0 0 1
1632487343.954931386 241.967 0 0 0 0 0 1
1632487343.964778182 242.278 0 0 0 0 0 1
1632487343.974755307 242.59 0 0 0 0 0 1
1632487343.984771266 242.901 0 0 0 0 0 1
1632487344.014774064 243.213 0 0 0 0 0 1
1632487344.014898666 243.525 0 0 0 0 0 1
1632487344.014953988 243.837 0 0 0 0 0 1
1632487344.024753115 244.15 0 0 0 0 0 1
1632487344.054745592 244.462 0 0 0 0 0 1
1632487344.054846453 244.775 0 0 0 0 0 1
1632487344.054879971 245.088 0 0 0 0 0 1
1632487344.064731316 245.401 0 0 0 0 0 1
1632487344.104768510 245.715 0 0 0 0 0 1
1632487344.104876448 246.028 0 0 0 0 0 1
1632487344.104916114 246.342 0 0 0 0 0 1
1632487344.104949752 246.656 0 0 0 0 0 1
1632487344.114754076 246.97 0 0 0 0 0 1
1632487344.144771389 247.285 0 0 0 0 0 1
1632487344.144878556 247.599 0 0 0 0 0 1
1632487344.144925604 247.914 0 0 0 0 0 1
1632487344.154759265 248.229 0 0 0 0 0 1
1632487344.164731396 248.544 0 0 0 0 0 1
1632487344.174751005 248.86 0 0 0 0 0 1
1632487344.204770459 249.175 0 0 0 0 0 1
1632487344.204891249 249.491 0 0 0 0 0 1
1632487344.204946536 249.807 0 0 0 0 0 1
1632487344.214757120 250.123 0 0 0 0 0 1
1632487344.244742021 250.44 0 0 0 0 0 1
1632487344.244834750 250.756 0 0 0 0 0 1
1632487344.244873951 251.073 0 0 0 0 0 1
1632487344.254785294 251.39 0 0 0 0 0 1
1632487344.294747602 251.707 0 0 0 0 0 1
1632487344.294856211 252.025 0 0 0 0 0 1
1632487344.294910452 252.342 0 0 0 0 0 1
1632487344.294945623 252.66 0 0 0 0 0 1
1632487344.304811379 252.978 0 0 0 0 0 1
1632487344.334778567 253.296 0 0 0 0 0 1
1632487344.334920169 253.615 0 0 0 0 0 1
1632487344.334975769 253.933 0 0 0 0 0 1
1632487344.344744282 254.252 0 0 0 0 0 1
1632487344.354737189 254.571 0 0 0 0 0 1
1632487344.364753467 254.89 0 0 0 0 0 1
1632487344.394740373 255.21 0 0 0 0 0 1
1632487344.394957814 255.529 0 0 0 0 0 1
1632487344.395088407 255.849 0 0 0 0 0 1
1632487344.404743920 256.169 0 0 0 0 0 1
1632487344.434762398 256.489 0 0 0 0 0 1
1632487344.434867364 256.81 0 0 0 0 0 1
1632487344.434923395 257.13 0 0 0 0 0 1
1632487344.444762733 257.451 0 0 0 0 0 1
1632487344.474845157 257.772 0 0 0 0 0 1
1632487344.474958451 258.093 0 0 0 0 0 1
1632487344.474996891 258.415 0 0 0 0 0 1
1632487344.484752467 258.736 0 0 0 0 0 1
1632487344.524759537 259.058 0 0 0 0 0 1
1632487344.524904237 259.38 0 0 0 0 0 1
1632487344.524955253 259.702 0 0 0 0 0 1
1632487344.525049408 260.025 0 0 0 0 0 1
1632487344.534767017 260.347 0 0 0 0 0 1
1632487344.564779701 260.67 0 0 0 0 0 1
1632487344.564885247 260.993 0 0 0 0 0 1
1632487344.564949461 261.316 0 0 0 0 0 1
1632487344.574740811 261.64 0 0 0 0 0 1
1632487344.584752385 261.963 0 0 0 0 0 1
1632487344.594753480 262.287 0 0 0 0 0 1
1632487344.624745459 262.611 0 0 0 0 0 1
1632487344.624862973 262.935 0 0 0 0 0 1
1632487344.624904723 263.26 0 0 0 0 0 1
1632487344.634733829 263.584 0 0 0 0 0 1
1632487344.664744813 263.909 0 0 0 0 0 1
1632487344.664863707 264.234 0 0 0 0 0 1
1632487344.664933014 264.559 0 0 0 0 0 1
1632487344.674748897 264.885 0 0 0 0 0 1
1632487344.714767742 265.21 0 0 0 0 0 1
1632487344.714918664 265.536 0 0 0 0 0 1
1632487344.714957335 265.862 0 0 0 0 0 1
1632487344.714994853 266.188 0 0 0 0 0 1
1632487344.724755893 266.515 0 0 0 0 0 1
1632487344.754773046 266.841 0 0 0 0 0 1
1632487344.754910687 267.168 0 0 0 0 0 1
1632487344.754946413 267.495 0 0 0 0 0 1
1632487344.764760597 267.822 0 0 0 0 0 1
1632487344.774748226 268.15 0 0 0 0 0 1
1632487344.784751957 268.477 0 0 0 0 0 1
1632487344.814761399 268.805 0 0 0 0 0 1
1632487344.814869834 269.133 0 0 0 0 0 1
1632487344.814904416 269.461 0 0 0 0 0 1
1632487344.824754371 269.79 0 0 0 0 0 1
1632487344.854770664 270.118 0 0 0 0 0 1
1632487344.854871572 270.447 0 0 0 0 0 1
1632487344.854926736 270.776 0 0 0 0 0 1
1632487344.864743805 271.105 0 0 0 0 0 1
1632487344.894837327 271.435 0 0 0 0 0 1
1632487344.894966804 271.764 0 0 0 0 0 1
1632487344.895032203 272.094 0 0 0 0 0 1
1632487344.904739147 272.424 0 0 0 0 0 1
1632487344.944812810 272.754 0 0 0 0 0 1
1632487344.944936162 273.085 0 0 0 0 0 1
1632487344.944983309 273.415 0 0 0 0 0 1
1632487344.945057007 273.746 0 0 0 0 0 1
1632487344.954790207 274.077 0 0 0 0 0 1
1632487344.984742526 274.408 0 0 0 0 0 1
1632487344.984851215 274.74 0 0 0 0 0 1
1632487344.984902527 275.071 0 0 0 0 0 1
1632487344.994805445 275.403 0 0 0 0 0 1
1632487345.004812671 275.735 0 0 0 0 0 1
1632487345.014776378 276.067 0 0 0 0 0 1
1632487345.044769247 276.4 0 0 0 0 0 1
1632487345.044874755 276.732 0 0 0 0 0 1
1632487345.044916177 277.065 0 0 0 0 0 1
1632487345.054752609 277.398 0 0 0 0 0 1
1632487345.084762271 277.731 0 0 0 0 0 1
1632487345.084864258 278.065 0 0 0 0 0 1
1632487345.084902030 278.398 0 0 0 0 0 1
1632487345.094758145 278.732 0 0 0 0 0 1
1632487345.134767634 279.066 0 0 0 0 0 1
1632487345.134873849 279.4 0 0 0 0 0 1
1632487345.134911971 279.735 0 0 0 0 0 1
1632487345.134948004 280.069 0 0 0 0 0 1
1632487345.144759146 280.404 0 0 0 0 0 1
1632487345.174768124 280.739 0 0 0 0 0 1
1632487345.174871017 281.074 0 0 0 0 0 1
1632487345.174910019 281.41 0 0 0 0 0 1
1632487345.184757511 281.745 0 0 0 0 0 1
1632487345.194757836 282.081 0 0 0 0 0 1
1632487345.204758151 282.417 0 0 0 0 0 1
1632487345.234770961 282.753 0 0 0 0 0 1
1632487345.234884594 283.09 0 0 0 0 0 1
1632487345.234947817 283.426 0 0 0 0 0 1
1632487345.244743519 283.763 0 0 0 0 0 1
1632487345.284764646 284.1 0 0 0 0 0 1
1632487345.284864569 284.437 0 0 0 0 0 1
1632487345.284906359 284.775 0 0 0 0 0 1
1632487345.284943866 285.112 0 0 0 0 0 1
1632487345.294764202 285.45 0 0 0 0 0 1
1632487345.324753819 285.788 0 0 0 0 0 1
1632487345.324899099 286.126 0 0 0 0 0 1
1632487345.324953754 286.465 0 0 0 0 0 1
1632487345.334762425 286.803 0 0 0 0 0 1
1632487345.344756551 287.142 0 0 0 0 0 1
1632487345.354781315 287.481 0 0 0 0 0 1
1632487345.384760303 287.82 0 0 0 0 0 1
1632487345.384876538 288.16 0 0 0 0 0 1
1632487345.384915260 288.499 0 0 0 0 0 1
1632487345.394757133 288.839 0 0 0 0 0 1
1632487345.434758905 289.179 0 0 0 0 0 1
1632487345.434859255 289.519 0 0 0 0 0 1
1632487345.434897234 289.86 0 0 0 0 0 1
1632487345.434937426 290.2 0 0 0 0 0 1
1632487345.444756928 290.541 0 0 0 0 0 1
1632487345.474770767 290.882 0 0 0 0 0 1
1632487345.474875823 291.223 0 0 0 0 0 1
1632487345.474913000 291.565 0 0 0 0 0 1
1632487345.484747562 291.906 0 0 0 0 0 1
1632487345.494749926 292.248 0 0 0 0 0 1
1632487345.504751380 292.59 0 0 0 0 0 1
1632487345.534743864 292.932 0 0 0 0 0 1
1632487345.534838243 293.275 0 0 0 0 0 1
1632487345.534874314 293.617 0 0 0 0 0 1
1632487345.544742819 293.96 0 0 0 0 0 1
1632487345.574754869 294.303 0 0 0 0 0 1
1632487345.574862212 294.646 0 0 0 0 0 1
1632487345.574900753 294.99 0 0 0 0 0 1
1632487345.584743212 295.333 0 0 0 0 0 1
1632487345.614761115 295.677 0 0 0 0 0 1
1632487345.614865123 296.021 0 0 0 0 0 1
1632487345.614903047 296.365 0 0 0 0 0 1
1632487345.624758477 296.71 0 0 0 0 0 1
1632487345.664752405 297.054 0 0 0 0 0 1
1632487345.664873079 297.399 0 0 0 0 0 1
1632487345.664907066 297.744 0 0 0 0 0 1
1632487345.664939748 298.089 0 0 0 0 0 1
1632487345.674749398 298.435 0 0 0 0 0 1
1632487345.704757068 298.78 0 0 0 0 0 1
1632487345.704853324 299.126 0 0 0 0 0 1
1632487345.704888789 299.472 0 0 0 0 0 1
1632487345.714782770 299.818 0 0 0 0 0 1
1632487345.724750715 300.165 0 0 0 0 0 1
1632487345.734750173 300.511 0 0 0 0 0 1
1632487345.764754709 300.858 0 0 0 0 0 1
1632487345.764880662 301.205 0 0 0 0 0 1
1632487345.764916836 301.552 0 0 0 0 0 1
1632487345.774754042 301.9 0 0 0 0 0 1
1632487345.804758515 302.247 0 0 0 0 0 1
1632487345.804905062 302.595 0 0 0 0 0 1
1632487345.804954280 302.943 0 0 0 0 0 1
1632487345.814735341 303.291 0 0 0 0 0 1
1632487345.854764988 303.64 0 0 0 0 0 1
1632487345.854884187 303.988 0 0 0 0 0 1
1632487345.854934021 304.337 0 0 0 0 0 1
1632487345.855003301 304.686 0 0 0 0 0 1
1632487345.864737634 305.035 0 0 0 0 0 1
1632487345.894759067 305.385 0 0 0 0 0 1
1632487345.894878478 305.734 0 0 0 0 0 1
1632487345.894945183 306.084 0 0 0 0 0 1
1632487345.904777216 306.434 0 0 0 0 0 1
1632487345.914734192 306.784 0 0 0 0 0 1
1632487345.924750380 307.135 0 0 0 0 0 1
1632487345.954759099 307.485 0 0 0 0 0 1
1632487345.954897278 307.836 0 0 0 0 0 1
1632487345.954969219 308.187 0 0 0 0 0 1
1632487345.964742352 308.538 0 0 0 0 0 1
1632487345.994750057 308.89 0 0 0 0 0 1
1632487345.994905188 309.241 0 0 0 0 0 1
1632487345.994963880 309.593 0 0 0 0 0 1
1632487346.004749810 309.945 0 0 0 0 0 1
1632487346.044736472 310.297 0 0 0 0 0 1
1632487346.044845326 310.65 0 0 0 0 0 1
1632487346.044886330 311.002 0 0 0 0 0 1
1632487346.044925133 311.355 0 0 0 0 0 1
1632487346.054734395 311.708 0 0 0 0 0 1
1632487346.084780200 312.061 0 0 0 0 0 1
1632487346.084878723 312.415 0 0 0 0 0 1
1632487346.084931038 312.768 0 0 0 0 0 1
1632487346.094745016 313.122 0 0 0 0 0 1
1632487346.104767092 313.476 0 0 0 0 0 1
1632487346.114750771 313.83 0 0 0 0 0 1
1632487346.144740253 314.185 0 0 0 0 0 1
1632487346.144887398 314.539 0 0 0 0 0 1
1632487346.144935982 314.894 0 0 0 0 0 1
1632487346.154749224 315.249 0 0 0 0 0 1
1632487346.184765773 315.604 0 0 0 0 0 1
1632487346.184870439 315.96 0 0 0 0 0 1
1632487346.184913097 316.315 0 0 0 0 0 1
1632487346.194771145 316.671 0 0 0 0 0 1
1632487346.234752702 317.027 0 0 0 0 0 1
1632487346.234853198 317.383 0 0 0 0 0 1
1632487346.234888503 317.74 0 0 0 0 0 1
1632487346.234926313 318.096 0 0 0 0 0 1
1632487346.244739968 318.453 0 0 0 0 0 1
1632487346.274739696 318.81 0 0 0 0 0 1
1632487346.274865586 319.167 0 0 0 0 0 1
1632487346.274927129 319.525 0 0 0 0 0 1
1632487346.284818101 319.882 0 0 0 0 0 1
1632487346.294753108 320.24 0 0 0 0 0 1
1632487346.304759322 320.598 0 0 0 0 0 1
1632487346.334819230 320.956 0 0 0 0 0 1
1632487346.334942626 321.315 0 0 0 0 0 1
1632487346.334988865 321.673 0 0 0 0 0 1
1632487346.344752168 322.032 0 0 0 0 0 1
1632487346.374739109 322.391 0 0 0 0 0 1
1632487346.374864285 322.75 0 0 0 0 0 1
1632487346.374914679 323.11 0 0 0 0 0 1
1632487346.384740157 323.469 0 0 0 0 0 1
1632487346.424748695 323.829 0 0 0 0 0 1
1632487346.424851064 324.189 0 0 0 0 0 1
1632487346.424901558 324.549 0 0 0 0 0 1
1632487346.424939845 324.91 0 0 0 0 0 1
1632487346.434747022 325.27 0 0 0 0 0 1
1632487346.464762915 325.631 0 0 0 0 0 1
1632487346.464893501 325.992 0 0 0 0 0 1
1632487346.464932358 326.353 0 0 0 0 0 1
1632487346.474794165 326.715 0 0 0 0 0 1
1632487346.484755317 327.076 0 0 0 0 0 1
1632487346.494764382 327.438 0 0 0 0 0 1
1632487346.524785112 327.8 0 0 0 0 0 1
1632487346.524878080 328.162 0 0 0 0 0 1
1632487346.524918823 328.525 0 0 0 0 0 1
1632487346.534749458 328.887 0 0 0 0 0 1
1632487346.564739986 329.25 0 0 0 0 0 1
1632487346.564843207 329.613 0 0 0 0 0 1
1632487346.564890136 329.976 0 0 0 0 0 1
1632487346.574740082 330.34 0 0 0 0 0 1
1632487346.614770444 330.703 0 0 0 0 0 1
1632487346.614876581 331.067 0 0 0 0 0 1
1632487346.614929358 331.431 0 0 0 0 0 1
1632487346.614963893 331.795 0 0 0 0 0 1
1632487346.624730516 332.16 0 0 0 0 0 1
1632487346.654751529 332.524 0 0 0 0 0 1
1632487346.654861597 332.889 0 0 0 0 0 1
1632487346.654894751 333.254 0 0 0 0 0 1
1632487346.664751372 333.619 0 0 0 0 0 1
1632487346.674758892 333.985 0 0 0 0 0 1
1632487346.684770093 334.35 0 0 0 0 0 1
1632487346.714771445 334.716 0 0 0 0 0 1
1632487346.714918513 335.082 0 0 0 0 0 1
1632487346.714961406 335.448 0 0 0 0 0 1
1632487346.724756367 335.815 0 0 0 0 0 1
1632487346.754752419 336.181 0 0 0 0 0 1
1632487346.754873826 336.548 0 0 0 0 0 1
1632487346.754912544 336.915 0 0 0 0 0 1
1632487346.764791807 337.282 0 0 0 0 0 1
1632487346.794766277 337.65 0 0 0 0 0 1
1632487346.794889900 338.017 0 0 0 0 0 1
1632487346.794943356 338.385 0 0 0 0 0 1
1632487346.804803145 338.753 0 0 0 0 0 1
1632487346.844777700 339.121 0 0 0 0 0 1
1632487346.844967887 339.49 0 0 0 0 0 1
1632487346.845119158 339.858 0 0 0 0 0 1
1632487346.845216251 340.227 0 0 0 0 0 1
1632487346.854743645 340.596 0 0 0 0 0 1
1632487346.894836637 340.965 0 0 0 0 0 1
1632487346.894960786 341.335 0 0 0 0 0 1
1632487346.895003064 341.704 0 0 0 0 0 1
1632487346.895057255 342.074 0 0 0 0 0 1
1632487346.904735486 342.444 0 0 0 0 0 1
1632487346.934811901 342.814 0 0 0 0 0 1
1632487346.934914319 343.185 0 0 0 0 0 1
1632487346.934947698 343.555 0 0 0 0 0 1
1632487346.944748802 343.926 0 0 0 0 0 1
1632487346.954762163 344.297 0 0 0 0 0 1
1632487346.964755693 344.668 0 0 0 0 0 1
1632487346.994748041 345.04 0 0 0 0 0 1
1632487346.994851515 345.411 0 0 0 0 0 1
1632487346.994891936 345.783 0 0 0 0 0 1
1632487347.004768486 346.155 0 0 0 0 0 1
1632487347.034750056 346.527 0 0 0 0 0 1
1632487347.034921256 346.9 0 0 0 0 0 1
1632487347.034977810 347.272 0 0 0 0 0 1
1632487347.044757174 347.645 0 0 0 0 0 1
1632487347.074756305 348.018 0 0 0 0 0 1
1632487347.074872914 348.391 0 0 0 0 0 1
1632487347.074911655 348.765 0 0 0 0 0 1
1632487347.084751532 349.138 0 0 0 0 0 1
1632487347.124774838 349.512 0 0 0 0 0 1
1632487347.124892709 349.886 0 0 0 0 0 1
1632487347.124927989 350.26 0 0 0 0 0 1
1632487347.124988341 350.635 0 0 0 0 0 1
1632487347.134803873 351.009 0 0 0 0 0 1
1632487347.164765367 351.384 0 0 0 0 0 1
1632487347.164956442 351.759 0 0 0 0 0 1
1632487347.165031319 352.134 0 0 0 0 0 1
1632487347.174757688 352.51 0 0 0 0 0 1
1632487347.184759234 352.885 0 0 0 0 0 1
1632487347.194754495 353.261 0 0 0 0 0 1
1632487347.224753713 353.637 0 0 0 0 0 1
1632487347.224889463 354.013 0 0 0 0 0 1
1632487347.224943743 354.39 0 0 0 0 0 1
1632487347.234742342 354.766 0 0 0 0 0 1
1632487347.264758869 355.143 0 0 0 0 0 1
1632487347.264872868 355.52 0 0 0 0 0 1
1632487347.264941955 355.897 0 0 0 0 0 1
1632487347.274755695 356.275 0 0 0 0 0 1
1632487347.314753703 356.652 0 0 0 0 0 1
1632487347.314866583 357.03 0 0 0 0 0 1
1632487347.314926546 357.408 0 0 0 0 0 1
1632487347.314986738 357.786 0 0 0 0 0 1
1632487347.324776101 358.165 0 0 0 0 0 1
1632487347.354751727 358.543 0 0 0 0 0 1
1632487347.354849306 358.922 0 0 0 0 0 1
1632487347.354926357 359.301 0 0 0 0 0 1
1632487347.364758871 359.68 0 0 0 0 0 1
1632487347.374773337 360.06 0 0 0 0 0 1
1632487347.384755385 360.439 0 0 0 0 0 1
1632487347.414780041 360.819 0 0 0 0 0 1
1632487347.414913233 361.199 0 0 0 0 0 1
1632487347.414968062 361.579 0 0 0 0 0 1
1632487347.424733899 361.96 0 0 0 0 0 1
1632487347.454780300 362.34 0 0 0 0 0 1
1632487347.454889354 362.721 0 0 0 0 0 1
1632487347.454932983 363.102 0 0 0 0 0 1
1632487347.464750317 363.483 0 0 0 0 0 1
1632487347.494765139 363.865 0 0 0 0 0 1
1632487347.494862015 364.246 0 0 0 0 0 1
1632487347.494901056 364.628 0 0 0 0 0 1
1632487347.504761468 365.01 0 0 0 0 0 1
1632487347.544756006 365.392 0 0 0 0 0 1
1632487347.544863402 365.775 0 0 0 0 0 1
1632487347.544916140 366.157 0 0 0 0 0 1
1632487347.544993744 366.54 0 0 0 0 0 1
1632487347.554750199 366.923 0 0 0 0 0 1
1632487347.584755202 367.306 0 0 0 0 0 1
1632487347.584867856 367.69 0 0 0 0 0 1
1632487347.584905422 368.073 0 0 0 0 0 1
1632487347.594750068 368.457 0 0 0 0 0 1
1632487347.604759411 368.841 0 0 0 0 0 1
1632487347.614746247 369.225 0 0 0 0 0 1
1632487347.644769394 369.61 0 0 0 0 0 1
1632487347.644881896 369.994 0 0 0 0 0 1
1632487347.644934243 370.379 0 0 0 0 0 1
1632487347.654762974 370.764 0 0 0 0 0 1
1632487347.684760633 371.149 0 0 0 0 0 1
1632487347.684929812 371.535 0 0 0 0 0 1
1632487347.684991853 371.92 0 0 0 0 0 1
1632487347.694745468 372.306 0 0 0 0 0 1
1632487347.734763848 372.692 0 0 0 0 0 1
1632487347.734891903 373.078 0 0 0 0 0 1
1632487347.734934818 373.465 0 0 0 0 0 1
1632487347.734976524 373.851 0 0 0 0 0 1
1632487347.744752450 374.238 0 0 0 0 0 1
1632487347.774747152 374.625 0 0 0 0 0 1
1632487347.774839078 375.012 0 0 0 0 0 1
1632487347.774889416 375.4 0 0 0 0 0 1
1632487347.784766599 375.787 0 0 0 0 0 1
1632487347.794755632 376.175 0 0 0 0 0 1
1632487347.804757213 376.563 0 0 0 0 0 1
1632487347.834769921 376.951 0 0 0 0 0 1
1632487347.834885861 377.34 0 0 0 0 0 1
1632487347.834923668 377.728 0 0 0 0 0 1
1632487347.844741130 378.117 0 0 0 0 0 1
1632487347.874785292 378.506 0 0 0 0 0 1
1632487347.874893242 378.895 0 0 0 0 0 1
1632487347.874944324 379.285 0 0 0 0 0 1
1632487347.884757309 379.674 0 0 0 0 0 1
1632487347.915487021 380.064 0 0 0 0 0 1
1632487347.915671426 380.454 0 0 0 0 0 1
1632487347.915733066 380.844 0 0 0 0 0 1
1632487347.924762047 381.235 0 0 0 0 0 1
1632487347.964784076 381.625 0 0 0 0 0 1
1632487347.964913521 382.016 0 0 0 0 0 1
1632487347.964964265 382.407 0 0 0 0 0 1
1632487347.965035658 382.798 0 0 0 0 0 1
1632487347.974760047 383.19 0 0 0 0 0 1
1632487348.004759974 383.581 0 0 0 0 0 1
1632487348.004874688 383.973 0 0 0 0 0 1
1632487348.004923879 384.365 0 0 0 0 0 1
1632487348.014777340 384.757 0 0 0 0 0 1
1632487348.024770843 385.15 0 0 0 0 0 1
1632487348.034751647 385.542 0 0 0 0 0 1
1632487348.064755907 385.935 0 0 0 0 0 1
1632487348.064861309 386.328 0 0 0 0 0 1
1632487348.064923562 386.721 0 0 0 0 0 1
1632487348.074743804 387.115 0 0 0 0 0 1
1632487348.114766668 387.508 0 0 0 0 0 1
1632487348.114908614 387.902 0 0 0 0 0 1
1632487348.114987279 388.296 0 0 0 0 0 1
1632487348.115044968 388.69 0 0 0 0 0 1
1632487348.124772037 389.085 0 0 0 0 0 1
1632487348.154761352 389.479 0 0 0 0 0 1
1632487348.154885127 389.874 0 0 0 0 0 1
1632487348.154940948 390.269 0 0 0 0 0 1
1632487348.164757949 390.664 0 0 0 0 0 1
1632487348.174774238 391.06 0 0 0 0 0 1
1632487348.184752811 391.455 0 0 0 0 0 1
1632487348.214756132 391.851 0 0 0 0 0 1
1632487348.214864822 392.247 0 0 0 0 0 1
1632487348.214918856 392.643 0 0 0 0 0 1
1632487348.224749943 393.04 0 0 0 0 0 1
1632487348.254759689 393.436 0 0 0 0 0 1
1632487348.254869888 393.833 0 0 0 0 0 1
1632487348.254935645 394.23 0 0 0 0 0 1
1632487348.264749655 394.627 0 0 0 0 0 1
1632487348.304758341 395.025 0 0 0 0 0 1
