1632484281.644373654 0 0 0 0 0 0 1
1632484281.654367630 0 0 0 0 0 0 1
1632484281.664391763 0 0 0 0 0 0 1
1632484281.674313065 0 0 0 0 0 0 1
1632484281.684368804 0 0 0 0 0 0 1
1632484281.694305733 0 0 0 0 0 0 1
1632484281.724300788 0 0 0 0 0 0 1
1632484281.724432852 0 0 0 0 0 0 1
1632484281.724480087 0 0 0 0 0 0 1
1632484281.734305083 0 0 0 0 0 0 1
1632484281.764394301 0 0 0 0 0 0 1
1632484281.764530620 0 0 0 0 0 0 1
1632484281.764567910 0 0 0 0 0 0 1
1632484281.774315671 0 0 0 0 0 0 1
1632484281.814386189 0 0 0 0 0 0 1
1632484281.814509395 0 0 0 0 0 0 1
1632484281.814548055 0 0 0 0 0 0 1
1632484281.814583327 0 0 0 0 0 0 1
1632484281.854322381 0 0 0 0 0 0 1
1632484281.854483912 0 0 0 0 0 0 1
1632484281.854525468 0 0 0 0 0 0 1
1632484281.854559224 0 0 0 0 0 0 1
1632484281.864330557 0 0 0 0 0 0 1
1632484281.894374768 0 0 0 0 0 0 1
1632484281.894492016 0 0 0 0 0 0 1
1632484281.894528223 0 0 0 0 0 0 1
1632484281.904327441 0 0 0 0 0 0 1
1632484281.914390801 0 0 0 0 0 0 1
1632484281.924392477 0 0 0 0 0 0 1
1632484281.954297465 0 0 0 0 0 0 1
1632484281.954421296 0 0 0 0 0 0 1
1632484281.954486224 0 0 0 0 0 0 1
1632484281.964315710 0 0 0 0 0 0 1
1632484281.994338343 0 0 0 0 0 0 1
1632484281.994455844 0 0 0 0 0 0 1
1632484281.994504670 0 0 0 0 0 0 1
1632484282.004307417 0 0 0 0 0 0 1
1632484282.044317598 0 0 0 0 0 0 1
1632484282.044455520 0 0 0 0 0 0 1
1632484282.044504758 0 0 0 0 0 0 1
1632484282.044559249 0 0 0 0 0 0 1
1632484282.054336095 0 0 0 0 0 0 1
1632484282.084342549 0 0 0 0 0 0 1
1632484282.084566848 0 0 0 0 0 0 1
1632484282.084622291 0 0 0 0 0 0 1
1632484282.094326211 0 0 0 0 0 0 1
1632484282.104297613 0 0 0 0 0 0 1
1632484282.114321186 0 0 0 0 0 0 1
1632484282.144327234 0 0 0 0 0 0 1
1632484282.144446090 0 0 0 0 0 0 1
1632484282.144485770 0 0 0 0 0 0 1
1632484282.154299008 0 0 0 0 0 0 1
1632484282.184338878 0 0 0 0 0 0 1
1632484282.184518038 0 0 0 0 0 0 1
1632484282.184572464 0 0 0 0 0 0 1
1632484282.194322587 0 0 0 0 0 0 1
1632484282.234319339 0 0 0 0 0 0 1
1632484282.234421208 0 0 0 0 0 0 1
1632484282.234455645 0 0 0 0 0 0 1
1632484282.234490114 0 0 0 0 0 0 1
1632484282.274337875 0 0 0 0 0 0 1
1632484282.274444360 0 0 0 0 0 0 1
1632484282.274482834 0 0 0 0 0 0 1
1632484282.274517289 0 0 0 0 0 0 1
1632484282.284301004 0 0 0 0 0 0 1
1632484282.314327915 0 0 0 0 0 0 1
1632484282.314443258 0 0 0 0 0 0 1
1632484282.314478342 0 0 0 0 0 0 1
1632484282.324394679 0 0 0 0 0 0 1
1632484282.334426562 0 0 0 0 0 0 1
1632484282.344314215 0 0 0 0 0 0 1
1632484282.374353203 0 0 0 0 0 0 1
1632484282.374553114 0 0 0 0 0 0 1
1632484282.374596293 0 0 0 0 0 0 1
1632484282.384306580 0 0 0 0 0 0 1
1632484282.424341395 0 0 0 0 0 0 1
1632484282.424521663 0 0 0 0 0 0 1
1632484282.424573868 0 0 0 0 0 0 1
1632484282.424627315 0 0 0 0 0 0 1
1632484282.434319197 0 0 0 0 0 0 1
1632484282.464315668 0 0 0 0 0 0 1
1632484282.464451119 0 0 0 0 0 0 1
1632484282.464510438 0 0 0 0 0 0 1
1632484282.474322564 0 0 0 0 0 0 1
1632484282.484308991 0 0 0 0 0 0 1
1632484282.494314919 0 0 0 0 0 0 1
1632484282.524333699 0 0 0 0 0 0 1
1632484282.524466751 0 0 0 0 0 0 1
1632484282.524512122 0 0 0 0 0 0 1
1632484282.534323705 0 0 0 0 0 0 1
1632484282.564365108 0 0 0 0 0 0 1
1632484282.564572579 0 0 0 0 0 0 1
1632484282.564610816 0 0 0 0 0 0 1
1632484282.574321230 0 0 0 0 0 0 1
1632484282.614317922 0 0 0 0 0 0 1
1632484282.614448371 0 0 0 0 0 0 1
1632484282.614493375 0 0 0 0 0 0 1
1632484282.614537880 0 0 0 0 0 0 1
1632484282.654305942 0 0 0 0 0 0 1
1632484282.654457013 0 0 0 0 0 0 1
1632484282.654516055 0 0 0 0 0 0 1
1632484282.654566719 0 0 0 0 0 0 1
1632484282.664318470 0 0 0 0 0 0 1
1632484282.694340866 0 0 0 0 0 0 1
1632484282.697109570 0 0 0 0 0 0 1
1632484282.697156926 0 0 0 0 0 0 1
1632484282.704300866 0 0 0 0 0 0 1
1632484282.714330226 0 0 0 0 0 0 1
1632484282.724342930 0 0 0 0 0 0 1
1632484282.754367168 0 0 0 0 0 0 1
1632484282.754483766 0 0 0 0 0 0 1
1632484282.754524035 0 0 0 0 0 0 1
1632484282.764378659 0 0 0 0 0 0 1
1632484282.794325358 0 0 0 0 0 0 1
1632484282.794430374 0 0 0 0 0 0 1
1632484282.794468375 0 0 0 0 0 0 1
1632484282.804292733 0 0 0 0 0 0 1
1632484282.844381525 0 0 0 0 0 0 1
1632484282.844515947 0 0 0 0 0 0 1
1632484282.844570488 0 0 0 0 0 0 1
1632484282.844613363 0 0 0 0 0 0 1
1632484282.854306598 0 0 0 0 0 0 1
1632484282.884339751 0 0 0 0 0 0 1
1632484282.884547331 0 0 0 0 0 0 1
1632484282.884599751 0 0 0 0 0 0 1
1632484282.894319393 0 0 0 0 0 0 1
1632484282.904337177 0 0 0 0 0 0 1
1632484282.914307074 0 0 0 0 0 0 1
1632484282.944315748 0 0 0 0 0 0 1
1632484282.944445375 0 0 0 0 0 0 1
1632484282.944490164 0 0 0 0 0 0 1
1632484282.954329363 0 0 0 0 0 0 1
1632484282.984324826 0 0 0 0 0 0 1
1632484282.984429374 0 0 0 0 0 0 1
1632484282.984470634 0 0 0 0 0 0 1
1632484282.994322052 0 0 0 0 0 0 1
1632484283.034327562 0 0 0 0 0 0 1
1632484283.034443884 0 0 0 0 0 0 1
1632484283.034479790 0 0 0 0 0 0 1
1632484283.034514615 0 0 0 0 0 0 1
1632484283.074327105 0 0 0 0 0 0 1
1632484283.074448572 0 0 0 0 0 0 1
1632484283.074481907 0 0 0 0 0 0 1
1632484283.074516938 0 0 0 0 0 0 1
1632484283.084331392 0 0 0 0 0 0 1
1632484283.124342936 0 0 0 0 0 0 1
1632484283.124551156 0 0 0 0 0 0 1
1632484283.124604821 0 0 0 0 0 0 1
1632484283.124684971 0 0 0 0 0 0 1
1632484283.134306212 0 0 0 0 0 0 1
1632484283.164341086 0 0 0 0 0 0 1
1632484283.164445693 0 0 0 0 0 0 1
1632484283.164485220 0 0 0 0 0 0 1
1632484283.174321780 0 0 0 0 0 0 1
1632484283.184325629 0 0 0 0 0 0 1
1632484283.194320242 0 0 0 0 0 0 1
1632484283.224326851 0 0 0 0 0 0 1
1632484283.224458180 0 0 0 0 0 0 1
1632484283.224493698 0 0 0 0 0 0 1
1632484283.234316012 0 0 0 0 0 0 1
1632484283.264330881 0 0 0 0 0 0 1
1632484283.264453675 0 0 0 0 0 0 1
1632484283.264512067 0 0 0 0 0 0 1
1632484283.274331820 0 0 0 0 0 0 1
1632484283.314329996 0 0 0 0 0 0 1
1632484283.314458609 0 0 0 0 0 0 1
1632484283.314498132 0 0 0 0 0 0 1
1632484283.314536027 0 0 0 0 0 0 1
1632484283.354342828 0 0 0 0 0 0 1
1632484283.354505991 0 0 0 0 0 0 1
1632484283.354559642 0 0 0 0 0 0 1
1632484283.354607243 0 0 0 0 0 0 1
1632484283.364310864 0 0 0 0 0 0 1
1632484283.394323936 0 0 0 0 0 0 1
1632484283.394430371 0 0 0 0 0 0 1
1632484283.394466673 0 0 0 0 0 0 1
1632484283.404364168 0 0 0 0 0 0 1
1632484283.414323687 0 0 0 0 0 0 1
1632484283.424323697 0 0 0 0 0 0 1
1632484283.454315284 0 0 0 0 0 0 1
1632484283.454433626 0 0 0 0 0 0 1
1632484283.454482871 0 0 0 0 0 0 1
1632484283.464312508 0 0 0 0 0 0 1
1632484283.494303572 0 0 0 0 0 0 1
1632484283.494442520 0 0 0 0 0 0 1
1632484283.494493848 0 0 0 0 0 0 1
1632484283.504331237 0 0 0 0 0 0 1
1632484283.544339422 0 0 0 0 0 0 1
1632484283.544450346 0 0 0 0 0 0 1
1632484283.544485283 0 0 0 0 0 0 1
1632484283.544523221 0 0 0 0 0 0 1
1632484283.554325563 0 0 0 0 0 0 1
1632484283.584335142 0 0 0 0 0 0 1
1632484283.584440656 0 0 0 0 0 0 1
1632484283.584496369 0 0 0 0 0 0 1
1632484283.594302491 0 0 0 0 0 0 1
1632484283.604299302 0 0 0 0 0 0 1
1632484283.614314128 0 0 0 0 0 0 1
1632484283.644329540 0 0 0 0 0 0 1
1632484283.644443318 0 0 0 0 0 0 1
1632484283.644481071 0 0 0 0 0 0 1
1632484283.654357474 0 0 0 0 0 0 1
1632484283.684337293 0 0 0 0 0 0 1
1632484283.684533918 0 0 0 0 0 0 1
1632484283.684577651 0 0 0 0 0 0 1
1632484283.694306945 0 0 0 0 0 0 1
1632484283.734314661 0 0 0 0 0 0 1
1632484283.734450538 0 0 0 0 0 0 1
1632484283.734515405 0 0 0 0 0 0 1
1632484283.734590584 0 0 0 0 0 0 1
1632484283.774344480 0 0 0 0 0 0 1
1632484283.774465563 0 0 0 0 0 0 1
1632484283.774515224 0 0 0 0 0 0 1
1632484283.774566184 0 0 0 0 0 0 1
1632484283.784301732 0 0 0 0 0 0 1
1632484283.814317766 0 0 0 0 0 0 1
1632484283.814462204 0 0 0 0 0 0 1
1632484283.814530401 0 0 0 0 0 0 1
1632484283.824325488 0 0 0 0 0 0 1
1632484283.834318070 0 0 0 0 0 0 1
1632484283.844342545 0 0 0 0 0 0 1
1632484283.874327794 0 0 0 0 0 0 1
1632484283.874453086 0 0 0 0 0 0 1
1632484283.874505885 0 0 0 0 0 0 1
1632484283.884312785 0 0 0 0 0 0 1
1632484283.914318980 0 0 0 0 0 0 1
1632484283.914420713 0 0 0 0 0 0 1
1632484283.914454877 0 0 0 0 0 0 1
1632484283.924319119 0 0 0 0 0 0 1
1632484283.964331749 0 0 0 0 0 0 1
1632484283.964439346 0 0 0 0 0 0 1
1632484283.964479475 0 0 0 0 0 0 1
1632484283.964513445 0 0 0 0 0 0 1
1632484283.974337014 0 0 0 0 0 0 1
1632484284.005076505 0 0 0 0 0 0 1
1632484284.005426962 0 0 0 0 0 0 1
1632484284.005479870 0 0 0 0 0 0 1
1632484284.014322760 0 0 0 0 0 0 1
1632484284.024318323 0 0 0 0 0 0 1
1632484284.034297071 0 0 0 0 0 0 1
1632484284.064313744 0 0 0 0 0 0 1
1632484284.064399463 0 0 0 0 0 0 1
1632484284.064435666 0 0 0 0 0 0 1
1632484284.074308231 0 0 0 0 0 0 1
1632484284.104356867 0 0 0 0 0 0 1
1632484284.104552167 0 0 0 0 0 0 1
1632484284.104608868 0 0 0 0 0 0 1
1632484284.114314792 0 0 0 0 0 0 1
1632484284.154340416 0 0 0 0 0 0 1
1632484284.154468861 0 0 0 0 0 0 1
1632484284.154505335 0 0 0 0 0 0 1
1632484284.154542502 0 0 0 0 0 0 1
1632484284.194321837 0 0 0 0 0 0 1
1632484284.194444981 0 0 0 0 0 0 1
1632484284.194487221 0 0 0 0 0 0 1
1632484284.194529546 0 0 0 0 0 0 1
1632484284.204324796 0 0 0 0 0 0 1
1632484284.244332050 0 0 0 0 0 0 1
1632484284.244471805 0 0 0 0 0 0 1
1632484284.244516925 0 0 0 0 0 0 1
1632484284.244572862 0 0 0 0 0 0 1
1632484284.254324221 0 0 0 0 0 0 1
1632484284.284318452 0 0 0 0 0 0 1
1632484284.284408861 0 0 0 0 0 0 1
1632484284.284458697 0 0 0 0 0 0 1
1632484284.294349490 0 0 0 0 0 0 1
1632484284.304378250 0 0 0 0 0 0 1
1632484284.314359364 0 0 0 0 0 0 1
1632484284.344366173 0 0 0 0 0 0 1
1632484284.344454566 0 0 0 0 0 0 1
1632484284.344498664 0 0 0 0 0 0 1
1632484284.354348483 0 0 0 0 0 0 1
1632484284.384298319 0 0 0 0 0 0 1
1632484284.384412420 0 0 0 0 0 0 1
1632484284.384451179 0 0 0 0 0 0 1
1632484284.394315849 0 0 0 0 0 0 1
1632484284.434317294 0 0 0 0 0 0 1
1632484284.434403595 0 0 0 0 0 0 1
1632484284.434441956 0 0 0 0 0 0 1
1632484284.434518637 0 0 0 0 0 0 1
1632484284.474310137 0 0 0 0 0 0 1
1632484284.474394245 0 0 0 0 0 0 1
1632484284.474427122 0 0 0 0 0 0 1
1632484284.474467231 0 0 0 0 0 0 1
1632484284.484436315 0 0 0 0 0 0 1
1632484284.524395412 0 0 0 0 0 0 1
1632484284.524516660 0 0 0 0 0 0 1
1632484284.524578291 0 0 0 0 0 0 1
1632484284.524628022 0 0 0 0 0 0 1
1632484284.534358427 0 0 0 0 0 0 1
1632484284.564328547 0 0 0 0 0 0 1
1632484284.564463224 0 0 0 0 0 0 1
1632484284.564514404 0 0 0 0 0 0 1
1632484284.574321078 0 0 0 0 0 0 1
1632484284.584323372 0 0 0 0 0 0 1
1632484284.594326930 0 0 0 0 0 0 1
1632484284.624335775 0 0 0 0 0 0 1
1632484284.624519401 0 0 0 0 0 0 1
1632484284.624571067 0 0 0 0 0 0 1
1632484284.634303699 0 0 0 0 0 0 1
1632484284.664314741 0 0 0 0 0 0 1
1632484284.664424397 0 0 0 0 0 0 1
1632484284.664460631 0 0 0 0 0 0 1
1632484284.674324349 0 0 0 0 0 0 1
1632484284.714341182 0 0 0 0 0 0 1
1632484284.714450417 0 0 0 0 0 0 1
1632484284.714494763 0 0 0 0 0 0 1
1632484284.714531822 0 0 0 0 0 0 1
1632484284.724315377 0 0 0 0 0 0 1
1632484284.754326837 0 0 0 0 0 0 1
1632484284.754485758 0 0 0 0 0 0 1
1632484284.754533644 0 0 0 0 0 0 1
1632484284.764316228 0 0 0 0 0 0 1
1632484284.774334404 0 0 0 0 0 0 1
1632484284.784319137 0 0 0 0 0 0 1
1632484284.814355690 0 0 0 0 0 0 1
1632484284.814552045 0 0 0 0 0 0 1
1632484284.814606003 0 0 0 0 0 0 1
1632484284.824310169 0 0 0 0 0 0 1
1632484284.864321223 0 0 0 0 0 0 1
1632484284.864445758 0 0 0 0 0 0 1
1632484284.864496390 0 0 0 0 0 0 1
1632484284.864544159 0 0 0 0 0 0 1
1632484284.874325752 0 0 0 0 0 0 1
1632484284.904339485 0 0 0 0 0 0 1
1632484284.904511452 0 0 0 0 0 0 1
1632484284.904565510 0 0 0 0 0 0 1
1632484284.914308498 0 0 0 0 0 0 1
1632484284.924338077 0 0 0 0 0 0 1
1632484284.934322459 0 0 0 0 0 0 1
1632484284.964325281 0 0 0 0 0 0 1
1632484284.964448082 0 0 0 0 0 0 1
1632484284.964490757 0 0 0 0 0 0 1
1632484284.974329350 0 0 0 0 0 0 1
1632484285.004325372 0 0 0 0 0 0 1
1632484285.004425344 0 0 0 0 0 0 1
1632484285.004465216 0 0 0 0 0 0 1
1632484285.014340082 0 0 0 0 0 0 1
1632484285.054329107 0 0 0 0 0 0 1
1632484285.054500411 0 0 0 0 0 0 1
1632484285.054548730 0 0 0 0 0 0 1
1632484285.054594434 0 0 0 0 0 0 1
1632484285.094327168 0 0 0 0 0 0 1
1632484285.094497979 0 0 0 0 0 0 1
1632484285.094548848 0 0 0 0 0 0 1
1632484285.094602721 0 0 0 0 0 0 1
1632484285.104325742 0 0 0 0 0 0 1
1632484285.134328734 0 0 0 0 0 0 1
1632484285.134435435 0 0 0 0 0 0 1
1632484285.134471305 0 0 0 0 0 0 1
1632484285.144333420 0 0 0 0 0 0 1
1632484285.154315410 0 0 0 0 0 0 1
1632484285.164329179 0 0 0 0 0 0 1
1632484285.194326101 0 0 0 0 0 0 1
1632484285.194453331 0 0 0 0 0 0 1
1632484285.194487047 0 0 0 0 0 0 1
1632484285.204333247 0 0 0 0 0 0 1
1632484285.234323284 0 0 0 0 0 0 1
1632484285.234466067 0 0 0 0 0 0 1
1632484285.234523318 0 0 0 0 0 0 1
1632484285.244306682 0 0 0 0 0 0 1
1632484285.284325732 0 0 0 0 0 0 1
1632484285.284434619 0 0 0 0 0 0 1
1632484285.284478350 0 0 0 0 0 0 1
1632484285.284533768 0 0 0 0 0 0 1
1632484285.294333676 0 0 0 0 0 0 1
1632484285.324315084 0 0 0 0 0 0 1
1632484285.324447349 0 0 0 0 0 0 1
1632484285.324488643 0 0 0 0 0 0 1
1632484285.334324625 0 0 0 0 0 0 1
1632484285.344307764 0 0 0 0 0 0 1
1632484285.354363168 0 0 0 0 0 0 1
1632484285.384332701 0 0 0 0 0 0 1
1632484285.384479648 0 0 0 0 0 0 1
1632484285.384516216 0 0 0 0 0 0 1
1632484285.394310131 0 0 0 0 0 0 1
1632484285.434329720 0 0 0 0 0 0 1
1632484285.434466794 0 0 0 0 0 0 1
1632484285.434515690 0 0 0 0 0 0 1
1632484285.434559646 0 0 0 0 0 0 1
1632484285.474345061 0 0 0 0 0 0 1
1632484285.474452238 0 0 0 0 0 0 1
1632484285.474487886 0 0 0 0 0 0 1
1632484285.474520468 0 0 0 0 0 0 1
1632484285.484311193 0 0 0 0 0 0 1
1632484285.514321053 0 0 0 0 0 0 1
1632484285.514416563 0 0 0 0 0 0 1
1632484285.514453243 0 0 0 0 0 0 1
1632484285.524290709 0 0 0 0 0 0 1
1632484285.534289897 0 0 0 0 0 0 1
1632484285.544319644 0 0 0 0 0 0 1
1632484285.574318355 0 0 0 0 0 0 1
1632484285.574468773 0 0 0 0 0 0 1
1632484285.574514802 0 0 0 0 0 0 1
1632484285.584298504 0 0 0 0 0 0 1
1632484285.614316950 0 0 0 0 0 0 1
1632484285.614496935 0 0 0 0 0 0 1
1632484285.614560935 0 0 0 0 0 0 1
1632484285.624307749 0 0 0 0 0 0 1
1632484285.664336470 0 0 0 0 0 0 1
1632484285.664459466 0 0 0 0 0 0 1
1632484285.664497943 0 0 0 0 0 0 1
1632484285.664530131 0 0 0 0 0 0 1
1632484285.674328350 0 0 0 0 0 0 1
1632484285.704332400 0 0 0 0 0 0 1
1632484285.704492683 0 0 0 0 0 0 1
1632484285.704545766 0 0 0 0 0 0 1
1632484285.714315314 0 0 0 0 0 0 1
1632484285.725719047 0 0 0 0 0 0 1
1632484285.734321166 0 0 0 0 0 0 1
1632484285.764320516 0 0 0 0 0 0 1
1632484285.764483527 0 0 0 0 0 0 1
1632484285.764546322 0 0 0 0 0 0 1
1632484285.774309909 0 0 0 0 0 0 1
1632484285.804385638 0 0 0 0 0 0 1
1632484285.804468618 0 0 0 0 0 0 1
1632484285.804511261 0 0 0 0 0 0 1
1632484285.814367213 0 0 0 0 0 0 1
1632484285.854333269 0 0 0 0 0 0 1
1632484285.854427810 0 0 0 0 0 0 1
1632484285.854468543 0 0 0 0 0 0 1
1632484285.854504267 0 0 0 0 0 0 1
1632484285.894365084 0 0 0 0 0 0 1
1632484285.894475355 0 0 0 0 0 0 1
1632484285.894530329 0 0 0 0 0 0 1
1632484285.894584178 0 0 0 0 0 0 1
1632484285.904292483 0 0 0 0 0 0 1
1632484285.934335306 0 0 0 0 0 0 1
1632484285.934449475 0 0 0 0 0 0 1
1632484285.934483883 0 0 0 0 0 0 1
1632484285.944322694 0 0 0 0 0 0 1
1632484285.954315487 0 0 0 0 0 0 1
1632484285.964327714 0 0 0 0 0 0 1
1632484285.994331301 0 0 0 0 0 0 1
1632484285.994408694 0 0 0 0 0 0 1
1632484285.994443618 0 0 0 0 0 0 1
1632484286.004309519 0 0 0 0 0 0 1
1632484286.034316660 0 0 0 0 0 0 1
1632484286.034383692 0 0 0 0 0 0 1
1632484286.034411106 0 0 0 0 0 0 1
1632484286.044301954 0 0 0 0 0 0 1
1632484286.084308087 0 0 0 0 0 0 1
1632484286.084458453 0 0 0 0 0 0 1
1632484286.084517993 0 0 0 0 0 0 1
1632484286.084565479 0 0 0 0 0 0 1
1632484286.094326090 0 0 0 0 0 0 1
1632484286.124335858 0 0 0 0 0 0 1
1632484286.124444875 0 0 0 0 0 0 1
1632484286.124474552 0 0 0 0 0 0 1
1632484286.134290972 0 0 0 0 0 0 1
1632484286.144292212 0 0 0 0 0 0 1
1632484286.154315099 0 0 0 0 0 0 1
1632484286.184333057 0 0 0 0 0 0 1
1632484286.184515445 0 0 0 0 0 0 1
1632484286.184560219 0 0 0 0 0 0 1
1632484286.194331798 0 0 0 0 0 0 1
1632484286.224323304 0 0 0 0 0 0 1
1632484286.224464914 0 0 0 0 0 0 1
1632484286.224500809 0 0 0 0 0 0 1
1632484286.234317586 0 0 0 0 0 0 1
1632484286.274334725 0 0 0 0 0 0 1
1632484286.274470786 0 0 0 0 0 0 1
1632484286.274506765 0 0 0 0 0 0 1
1632484286.274540158 0 0 0 0 0 0 1
1632484286.314339355 0 0 0 0 0 0 1
1632484286.314472600 0 0 0 0 0 0 1
1632484286.314516666 0 0 0 0 0 0 1
1632484286.314553637 0 0 0 0 0 0 1
1632484286.324301572 0 0 0 0 0 0 1
1632484286.354327951 0 0 0 0 0 0 1
1632484286.354431409 0 0 0 0 0 0 1
1632484286.354468687 0 0 0 0 0 0 1
1632484286.364312662 0 0 0 0 0 0 1
1632484286.374325348 0 0 0 0 0 0 1
1632484286.384322773 0 0 0 0 0 0 1
1632484286.414333497 0 0 0 0 0 0 1
1632484286.414458753 0 0 0 0 0 0 1
1632484286.414497228 0 0 0 0 0 0 1
1632484286.424308248 0 0 0 0 0 0 1
1632484286.454329204 0 0 0 0 0 0 1
1632484286.454438777 0 0 0 0 0 0 1
1632484286.454480653 0 0 0 0 0 0 1
1632484286.464334415 0 0 0 0 0 0 1
1632484286.504317748 0 0 0 0 0 0 1
1632484286.504442243 0 0 0 0 0 0 1
1632484286.504489104 0 0 0 0 0 0 1
1632484286.504528466 0 0 0 0 0 0 1
1632484286.514323343 0 0 0 0 0 0 1
1632484286.544331954 0 0 0 0 0 0 1
1632484286.544412885 0 0 0 0 0 0 1
1632484286.544464780 0 0 0 0 0 0 1
1632484286.554315812 0 0 0 0 0 0 1
1632484286.564307186 0 0 0 0 0 0 1
1632484286.574291414 0 0 0 0 0 0 1
1632484286.604325366 0 0 0 0 0 0 1
1632484286.604391095 0 0 0 0 0 0 1
1632484286.604424721 0 0 0 0 0 0 1
1632484286.614320475 0 0 0 0 0 0 1
1632484286.644399221 0 0 0 0 0 0 1
1632484286.644488799 0 0 0 0 0 0 1
1632484286.644523700 0 0 0 0 0 0 1
1632484286.654382754 0 0 0 0 0 0 1
1632484286.694324349 0 0 0 0 0 0 1
1632484286.694432411 0 0 0 0 0 0 1
1632484286.694470902 0 0 0 0 0 0 1
1632484286.694505873 0 0 0 0 0 0 1
1632484286.735878459 0 0 0 0 0 0 1
1632484286.735993474 0 0 0 0 0 0 1
1632484286.736032563 0 0 0 0 0 0 1
1632484286.736086522 0 0 0 0 0 0 1
1632484286.744317282 0 0 0 0 0 0 1
1632484286.774323789 0 0 0 0 0 0 1
1632484286.774441137 0 0 0 0 0 0 1
1632484286.774494195 0 0 0 0 0 0 1
1632484286.784297796 0 0 0 0 0 0 1
1632484286.794312079 0 0 0 0 0 0 1
1632484286.804330166 0 0 0 0 0 0 1
1632484286.834334450 0 0 0 0 0 0 1
1632484286.834432736 0 0 0 0 0 0 1
1632484286.834470419 0 0 0 0 0 0 1
1632484286.844293794 0 0 0 0 0 0 1
1632484286.874316489 0 0 0 0 0 0 1
1632484286.874456472 0 0 0 0 0 0 1
1632484286.874532235 0 0 0 0 0 0 1
1632484286.884315782 0 0 0 0 0 0 1
1632484286.924322537 0 0 0 0 0 0 1
1632484286.924426962 0 0 0 0 0 0 1
1632484286.924464178 0 0 0 0 0 0 1
1632484286.924497154 0 0 0 0 0 0 1
1632484286.934320559 0 0 0 0 0 0 1
1632484286.974347894 0 0 0 0 0 0 1
1632484286.974456152 0 0 0 0 0 0 1
1632484286.974508726 0 0 0 0 0 0 1
1632484286.974546156 0 0 0 0 0 0 1
1632484286.984333821 0 0 0 0 0 0 1
1632484286.994319947 0 0 0 0 0 0 1
1632484287.024316794 0 0 0 0 0 0 1
1632484287.024461555 0 0 0 0 0 0 1
1632484287.024516940 0 0 0 0 0 0 1
1632484287.034298198 0 0 0 0 0 0 1
1632484287.064338481 0 0 0 0 0 0 1
1632484287.064439266 0 0 0 0 0 0 1
1632484287.064479424 0 0 0 0 0 0 1
1632484287.074301945 0 0 0 0 0 0 1
1632484287.114343285 0 0 0 0 0 0 1
1632484287.114447631 0 0 0 0 0 0 1
1632484287.114485623 0 0 0 0 0 0 1
1632484287.114532367 0 0 0 0 0 0 1
1632484287.154330033 0 0 0 0 0 0 1
1632484287.154463151 0 0 0 0 0 0 1
1632484287.154495053 0 0 0 0 0 0 1
1632484287.154530639 0 0 0 0 0 0 1
1632484287.164347664 0 0 0 0 0 0 1
1632484287.204302451 0 0 0 0 0 0 1
1632484287.204435297 0 0 0 0 0 0 1
1632484287.204506296 0 0 0 0 0 0 1
1632484287.204561131 0 0 0 0 0 0 1
1632484287.214296566 0 0 0 0 0 0 1
1632484287.254362091 0 0 0 0 0 0 1
1632484287.254457625 0 0 0 0 0 0 1
1632484287.254501968 0 0 0 0 0 0 1
1632484287.254575291 0 0 0 0 0 0 1
1632484287.264292812 0 0 0 0 0 0 1
1632484287.274291870 0 0 0 0 0 0 1
1632484287.304334255 0 0 0 0 0 0 1
1632484287.304435946 0 0 0 0 0 0 1
1632484287.304470193 0 0 0 0 0 0 1
1632484287.314316880 0 0 0 0 0 0 1
1632484287.354321626 0 0 0 0 0 0 1
1632484287.354417902 0 0 0 0 0 0 1
1632484287.354487118 0 0 0 0 0 0 1
1632484287.354545129 0 0 0 0 0 0 1
1632484287.394313509 0 0 0 0 0 0 1
1632484287.394453631 0 0 0 0 0 0 1
1632484287.394497962 0 0 0 0 0 0 1
1632484287.394551139 0 0 0 0 0 0 1
1632484287.404321132 0 0 0 0 0 0 1
1632484287.434306080 0 0 0 0 0 0 1
1632484287.434448101 0 0 0 0 0 0 1
1632484287.434485194 0 0 0 0 0 0 1
1632484287.444333175 0 0 0 0 0 0 1
1632484287.454328734 0 0 0 0 0 0 1
1632484287.464341223 0 0 0 0 0 0 1
1632484287.494338041 0 0 0 0 0 0 1
1632484287.494477816 0 0 0 0 0 0 1
1632484287.494520717 0 0 0 0 0 0 1
1632484287.504332603 0 0 0 0 0 0 1
1632484287.534327588 0 0 0 0 0 0 1
1632484287.534453816 0 0 0 0 0 0 1
1632484287.534497766 0 0 0 0 0 0 1
1632484287.544329788 0 0 0 0 0 0 1
1632484287.584339300 0 0 0 0 0 0 1
1632484287.584473087 0 0 0 0 0 0 1
1632484287.584515504 0 0 0 0 0 0 1
1632484287.584557534 0 0 0 0 0 0 1
1632484287.594319321 0 0 0 0 0 0 1
1632484287.624322816 0 0 0 0 0 0 1
1632484287.624449274 0 0 0 0 0 0 1
1632484287.624490018 0 0 0 0 0 0 1
1632484287.634326855 0 0 0 0 0 0 1
1632484287.644328841 0 0 0 0 0 0 1
1632484287.654319724 0 0 0 0 0 0 1
1632484287.684318795 0 0 0 0 0 0 1
1632484287.684457291 0 0 0 0 0 0 1
1632484287.684499139 0 0 0 0 0 0 1
1632484287.694316374 0 0 0 0 0 0 1
1632484287.724328307 0 0 0 0 0 0 1
1632484287.724437791 0 0 0 0 0 0 1
1632484287.724477085 0 0 0 0 0 0 1
1632484287.734313828 0 0 0 0 0 0 1
1632484287.774321646 0 0 0 0 0 0 1
1632484287.774462042 0 0 0 0 0 0 1
1632484287.774498503 0 0 0 0 0 0 1
1632484287.774534650 0 0 0 0 0 0 1
1632484287.814336686 0 0 0 0 0 0 1
1632484287.814463503 0 0 0 0 0 0 1
1632484287.814503573 0 0 0 0 0 0 1
1632484287.814537642 0 0 0 0 0 0 1
1632484287.824319309 0 0 0 0 0 0 1
1632484287.854318025 0 0 0 0 0 0 1
1632484287.854425133 0 0 0 0 0 0 1
1632484287.854463094 0 0 0 0 0 0 1
1632484287.864312732 0 0 0 0 0 0 1
1632484287.874324917 0 0 0 0 0 0 1
1632484287.884319141 0 0 0 0 0 0 1
1632484287.914365377 0 0 0 0 0 0 1
1632484287.914512442 0 0 0 0 0 0 1
1632484287.914550004 0 0 0 0 0 0 1
1632484287.924318815 0 0 0 0 0 0 1
1632484287.954318621 0 0 0 0 0 0 1
1632484287.954471555 0 0 0 0 0 0 1
1632484287.954530055 0 0 0 0 0 0 1
1632484287.964330330 0 0 0 0 0 0 1
1632484288.004316910 0 0 0 0 0 0 1
1632484288.004460633 0 0 0 0 0 0 1
1632484288.004519093 0 0 0 0 0 0 1
1632484288.004570045 0 0 0 0 0 0 1
1632484288.014328623 0 0 0 0 0 0 1
1632484288.054323642 0 0 0 0 0 0 1
1632484288.054455926 0 0 0 0 0 0 1
1632484288.054493673 0 0 0 0 0 0 1
1632484288.054528513 0 0 0 0 0 0 1
1632484288.064296169 0 0 0 0 0 0 1
1632484288.094338037 0 0 0 0 0 0 1
1632484288.094480818 0 0 0 0 0 0 1
1632484288.094534549 0 0 0 0 0 0 1
1632484288.104337218 0 0 0 0 0 0 1
1632484288.114335310 0 0 0 0 0 0 1
1632484288.124321640 0 0 0 0 0 0 1
1632484288.154335007 0 0 0 0 0 0 1
1632484288.154474208 0 0 0 0 0 0 1
1632484288.154532567 0 0 0 0 0 0 1
1632484288.164297326 0 0 0 0 0 0 1
1632484288.194304431 0 0 0 0 0 0 1
1632484288.194425470 0 0 0 0 0 0 1
1632484288.194470315 0 0 0 0 0 0 1
1632484288.204333325 0 0 0 0 0 0 1
1632484288.244374119 0 0 0 0 0 0 1
1632484288.244474751 0 0 0 0 0 0 1
1632484288.244516094 0 0 0 0 0 0 1
1632484288.244547397 0 0 0 0 0 0 1
1632484288.254346587 0 0 0 0 0 0 1
1632484288.284320701 0 0 0 0 0 0 1
1632484288.284408185 0 0 0 0 0 0 1
1632484288.284443427 0 0 0 0 0 0 1
1632484288.294312123 0 0 0 0 0 0 1
1632484288.304331285 0 0 0 0 0 0 1
1632484288.314305571 0 0 0 0 0 0 1
1632484288.344323636 0 0 0 0 0 0 1
1632484288.344405347 0 0 0 0 0 0 1
1632484288.344447206 0 0 0 0 0 0 1
1632484288.354325704 0 0 0 0 0 0 1
1632484288.394322496 0 0 0 0 0 0 1
1632484288.394450960 0 0 0 0 0 0 1
1632484288.394486399 0 0 0 0 0 0 1
1632484288.394534376 0 0 0 0 0 0 1
1632484288.434379217 0 0 0 0 0 0 1
1632484288.434481195 0 0 0 0 0 0 1
1632484288.434516849 0 0 0 0 0 0 1
1632484288.434552570 0 0 0 0 0 0 1
1632484288.444319019 0 0 0 0 0 0 1
1632484288.474308073 0 0 0 0 0 0 1
1632484288.474492559 0 0 0 0 0 0 1
1632484288.474553393 0 0 0 0 0 0 1
1632484288.484522307 0 0 0 0 0 0 1
1632484288.494322979 0 0 0 0 0 0 1
1632484288.504344356 0 0 0 0 0 0 1
1632484288.534311522 0 0 0 0 0 0 1
1632484288.534442583 0 0 0 0 0 0 1
1632484288.534482133 0 0 0 0 0 0 1
1632484288.544323853 0 0 0 0 0 0 1
1632484288.584335715 0 0 0 0 0 0 1
1632484288.584515347 0 0 0 0 0 0 1
1632484288.584575676 0 0 0 0 0 0 1
1632484288.584634925 0 0 0 0 0 0 1
1632484288.594321868 0 0 0 0 0 0 1
1632484288.624310225 0 0 0 0 0 0 1
1632484288.624448993 0 0 0 0 0 0 1
1632484288.624502754 0 0 0 0 0 0 1
1632484288.634316988 0 0 0 0 0 0 1
1632484288.644325109 0 0 0 0 0 0 1
1632484288.654311749 0 0 0 0 0 0 1
1632484288.684341394 0 0 0 0 0 0 1
1632484288.684522264 0 0 0 0 0 0 1
1632484288.684575894 0 0 0 0 0 0 1
1632484288.694307164 0 0 0 0 0 0 1
1632484288.724320644 0 0 0 0 0 0 1
1632484288.724454164 0 0 0 0 0 0 1
1632484288.724490431 0 0 0 0 0 0 1
1632484288.734317609 0 0 0 0 0 0 1
1632484288.774333872 0 0 0 0 0 0 1
1632484288.774450448 0 0 0 0 0 0 1
1632484288.774503010 0 0 0 0 0 0 1
1632484288.774537666 0 0 0 0 0 0 1
1632484288.814328278 0 0 0 0 0 0 1
1632484288.814429728 0 0 0 0 0 0 1
1632484288.814465732 0 0 0 0 0 0 1
1632484288.814499793 0 0 0 0 0 0 1
1632484288.824329079 0 0 0 0 0 0 1
1632484288.854314431 0 0 0 0 0 0 1
1632484288.854447803 0 0 0 0 0 0 1
1632484288.854487840 0 0 0 0 0 0 1
1632484288.864308006 0 0 0 0 0 0 1
1632484288.874314890 0 0 0 0 0 0 1
1632484288.884296991 0 0 0 0 0 0 1
1632484288.914323141 0 0 0 0 0 0 1
1632484288.914422104 0 0 0 0 0 0 1
1632484288.914459756 0 0 0 0 0 0 1
1632484288.924324064 0 0 0 0 0 0 1
1632484288.964316199 0 0 0 0 0 0 1
1632484288.964463514 0 0 0 0 0 0 1
1632484288.964510401 0 0 0 0 0 0 1
1632484288.964552216 0 0 0 0 0 0 1
1632484288.974320423 0 0 0 0 0 0 1
1632484289.014346414 0 0 0 0 0 0 1
1632484289.014497030 0 0 0 0 0 0 1
1632484289.014543947 0 0 0 0 0 0 1
1632484289.014593516 0 0 0 0 0 0 1
1632484289.024296703 0 0 0 0 0 0 1
1632484289.034318631 0 0 0 0 0 0 1
1632484289.064323906 0 0 0 0 0 0 1
1632484289.064444639 0 0 0 0 0 0 1
1632484289.064482813 0 0 0 0 0 0 1
1632484289.074333829 0 0 0 0 0 0 1
1632484289.114330891 0 0 0 0 0 0 1
1632484289.114431073 0 0 0 0 0 0 1
1632484289.114472411 0 0 0 0 0 0 1
1632484289.114507737 0 0 0 0 0 0 1
1632484289.154344924 0 0 0 0 0 0 1
1632484289.154640669 0 0 0 0 0 0 1
1632484289.154704908 0 0 0 0 0 0 1
1632484289.154756930 0 0 0 0 0 0 1
1632484289.164321800 0 0 0 0 0 0 1
1632484289.194316097 0 0 0 0 0 0 1
1632484289.194443649 0 0 0 0 0 0 1
1632484289.194482949 0 0 0 0 0 0 1
1632484289.204324610 0 0 0 0 0 0 1
1632484289.214318657 0 0 0 0 0 0 1
1632484289.224323100 0 0 0 0 0 0 1
1632484289.254349628 0 0 0 0 0 0 1
1632484289.254573841 0 0 0 0 0 0 1
1632484289.254638085 0 0 0 0 0 0 1
1632484289.264320722 0 0 0 0 0 0 1
1632484289.294321150 0 0 0 0 0 0 1
1632484289.294424130 0 0 0 0 0 0 1
1632484289.294461632 0 0 0 0 0 0 1
1632484289.304327251 0 0 0 0 0 0 1
1632484289.344314240 0 0 0 0 0 0 1
1632484289.344421939 0 0 0 0 0 0 1
1632484289.344454883 0 0 0 0 0 0 1
1632484289.344495209 0 0 0 0 0 0 1
1632484289.354316035 0 0 0 0 0 0 1
1632484289.384312832 0 0 0 0 0 0 1
1632484289.384478843 0 0 0 0 0 0 1
1632484289.384520266 0 0 0 0 0 0 1
1632484289.394316734 0 0 0 0 0 0 1
1632484289.404327268 0 0 0 0 0 0 1
1632484289.414321231 0 0 0 0 0 0 1
1632484289.444330127 0 0 0 0 0 0 1
1632484289.444443649 0 0 0 0 0 0 1
1632484289.444480454 0 0 0 0 0 0 1
1632484289.454307681 0 0 0 0 0 0 1
1632484289.484324838 0 0 0 0 0 0 1
1632484289.484432657 0 0 0 0 0 0 1
1632484289.484470295 0 0 0 0 0 0 1
1632484289.494333608 0 0 0 0 0 0 1
1632484289.534328353 0 0 0 0 0 0 1
1632484289.534463508 0 0 0 0 0 0 1
1632484289.534504943 0 0 0 0 0 0 1
1632484289.534543879 0 0 0 0 0 0 1
1632484289.574331116 0 0 0 0 0 0 1
1632484289.574442389 0 0 0 0 0 0 1
1632484289.574483821 0 0 0 0 0 0 1
1632484289.574537292 0 0 0 0 0 0 1
1632484289.584300519 0 0 0 0 0 0 1
1632484289.614310148 0 0 0 0 0 0 1
1632484289.614412245 0 0 0 0 0 0 1
1632484289.614447080 0 0 0 0 0 0 1
1632484289.624325214 0 0 0 0 0 0 1
1632484289.634332690 0 0 0 0 0 0 1
1632484289.644311733 0 0 0 0 0 0 1
1632484289.674329721 0 0 0 0 0 0 1
1632484289.674466565 0 0 0 0 0 0 1
1632484289.674519403 0 0 0 0 0 0 1
1632484289.684308573 0 0 0 0 0 0 1
1632484289.724327169 0 0 0 0 0 0 1
1632484289.724463025 0 0 0 0 0 0 1
1632484289.724506814 0 0 0 0 0 0 1
1632484289.724540107 0 0 0 0 0 0 1
1632484289.734306697 0 0 0 0 0 0 1
1632484289.764313535 0 0 0 0 0 0 1
1632484289.764419074 0 0 0 0 0 0 1
1632484289.764453028 0 0 0 0 0 0 1
1632484289.774319482 0 0 0 0 0 0 1
1632484289.784309910 0 0 0 0 0 0 1
1632484289.794321679 0 0 0 0 0 0 1
1632484289.824323064 0 0 0 0 0 0 1
1632484289.824445193 0 0 0 0 0 0 1
1632484289.824494724 0 0 0 0 0 0 1
1632484289.834319828 0 0 0 0 0 0 1
1632484289.864304689 0 0 0 0 0 0 1
1632484289.864417747 0 0 0 0 0 0 1
1632484289.864459234 0 0 0 0 0 0 1
1632484289.874320822 0 0 0 0 0 0 1
1632484289.914311841 0 0 0 0 0 0 1
1632484289.914427074 0 0 0 0 0 0 1
1632484289.914462478 0 0 0 0 0 0 1
1632484289.914496145 0 0 0 0 0 0 1
1632484289.954329523 0 0 0 0 0 0 1
1632484289.954484254 0 0 0 0 0 0 1
1632484289.954543736 0 0 0 0 0 0 1
1632484289.954602679 0 0 0 0 0 0 1
1632484289.964321540 0 0 0 0 0 0 1
1632484289.994320564 0 0 0 0 0 0 1
1632484289.994432640 0 0 0 0 0 0 1
1632484289.994480345 0 0 0 0 0 0 1
1632484290.004323720 0 0 0 0 0 0 1
1632484290.014292197 0 0 0 0 0 0 1
1632484290.024333753 0 0 0 0 0 0 1
1632484290.054324214 0 0 0 0 0 0 1
1632484290.054531132 0 0 0 0 0 0 1
1632484290.054589116 0 0 0 0 0 0 1
1632484290.064321330 0 0 0 0 0 0 1
1632484290.094323461 0 0 0 0 0 0 1
1632484290.094434287 0 0 0 0 0 0 1
1632484290.094469773 0 0 0 0 0 0 1
1632484290.104319921 0 0 0 0 0 0 1
1632484290.144328630 0 0 0 0 0 0 1
1632484290.144433642 0 0 0 0 0 0 1
1632484290.144499858 0 0 0 0 0 0 1
1632484290.144541207 0 0 0 0 0 0 1
1632484290.154309168 0 0 0 0 0 0 1
1632484290.184328664 0 0 0 0 0 0 1
1632484290.184504981 0 0 0 0 0 0 1
1632484290.184561924 0 0 0 0 0 0 1
1632484290.194330459 0 0 0 0 0 0 1
1632484290.204322422 0 0 0 0 0 0 1
1632484290.214314018 0 0 0 0 0 0 1
1632484290.244305608 0 0 0 0 0 0 1
1632484290.244403230 0 0 0 0 0 0 1
1632484290.244438392 0 0 0 0 0 0 1
1632484290.254334967 0 0 0 0 0 0 1
1632484290.284325000 0 0 0 0 0 0 1
1632484290.284491497 0 0 0 0 0 0 1
1632484290.284537571 0 0 0 0 0 0 1
1632484290.294366735 0 0 0 0 0 0 1
1632484290.334377204 0 0 0 0 0 0 1
1632484290.334483477 0 0 0 0 0 0 1
1632484290.334529554 0 0 0 0 0 0 1
1632484290.334563336 0 0 0 0 0 0 1
1632484290.374319623 0 0 0 0 0 0 1
1632484290.374427139 0 0 0 0 0 0 1
1632484290.374477233 0 0 0 0 0 0 1
1632484290.374525028 0 0 0 0 0 0 1
1632484290.384322398 0 0 0 0 0 0 1
1632484290.414317805 0 0 0 0 0 0 1
1632484290.414460042 0 0 0 0 0 0 1
1632484290.414510933 0 0 0 0 0 0 1
1632484290.424314814 0 0 0 0 0 0 1
1632484290.434311012 0 0 0 0 0 0 1
1632484290.444337281 0 0 0 0 0 0 1
1632484290.474318557 0 0 0 0 0 0 1
1632484290.474428701 0 0 0 0 0 0 1
1632484290.474481010 0 0 0 0 0 0 1
1632484290.484322022 0 0 0 0 0 0 1
1632484290.514305344 0 0 0 0 0 0 1
1632484290.514430586 0 0 0 0 0 0 1
1632484290.514472781 0 0 0 0 0 0 1
1632484290.524347038 0 0 0 0 0 0 1
1632484290.564323101 0 0 0 0 0 0 1
1632484290.564514049 0 0 0 0 0 0 1
1632484290.564561784 0 0 0 0 0 0 1
1632484290.564605851 0 0 0 0 0 0 1
1632484290.574319199 0 0 0 0 0 0 1
1632484290.604321554 0 0 0 0 0 0 1
1632484290.604480058 0 0 0 0 0 0 1
1632484290.604519764 0 0 0 0 0 0 1
1632484290.614312770 0 0 0 0 0 0 1
1632484290.624336150 0 0 0 0 0 0 1
1632484290.634308924 0 0 0 0 0 0 1
1632484290.664337534 0 0 0 0 0 0 1
1632484290.664437319 0 0 0 0 0 0 1
1632484290.664489713 0 0 0 0 0 0 1
1632484290.674319404 0 0 0 0 0 0 1
1632484290.704347178 0 0 0 0 0 0 1
1632484290.704493671 0 0 0 0 0 0 1
1632484290.704542441 0 0 0 0 0 0 1
1632484290.714299421 0 0 0 0 0 0 1
1632484290.754326095 0 0 0 0 0 0 1
1632484290.754469524 0 0 0 0 0 0 1
1632484290.754504742 0 0 0 0 0 0 1
1632484290.754540728 0 0 0 0 0 0 1
1632484290.794330021 0 0 0 0 0 0 1
1632484290.794439557 0 0 0 0 0 0 1
1632484290.794489894 0 0 0 0 0 0 1
1632484290.794535129 0 0 0 0 0 0 1
1632484290.804303110 0 0 0 0 0 0 1
1632484290.834294390 0 0 0 0 0 0 1
1632484290.834399986 0 0 0 0 0 0 1
1632484290.834453949 0 0 0 0 0 0 1
1632484290.844294330 0 0 0 0 0 0 1
1632484290.854325867 0 0 0 0 0 0 1
1632484290.864304058 0 0 0 0 0 0 1
1632484290.894330245 0 0 0 0 0 0 1
1632484290.894444074 0 0 0 0 0 0 1
1632484290.894497665 0 0 0 0 0 0 1
1632484290.904312777 0 0 0 0 0 0 1
1632484290.934315528 0 0 0 0 0 0 1
1632484290.934452196 0 0 0 0 0 0 1
1632484290.934510921 0 0 0 0 0 0 1
1632484290.944338785 0 0 0 0 0 0 1
1632484290.984337401 0 0 0 0 0 0 1
1632484290.984523009 0 0 0 0 0 0 1
1632484290.984572344 0 0 0 0 0 0 1
1632484290.984620152 0 0 0 0 0 0 1
1632484290.994319704 0 0 0 0 0 0 1
1632484291.034375640 0 0 0 0 0 0 1
1632484291.034503746 0 0 0 0 0 0 1
1632484291.034544171 0 0 0 0 0 0 1
1632484291.034586421 0 0 0 0 0 0 1
1632484291.044308152 0 0 0 0 0 0 1
1632484291.054327160 0 0 0 0 0 0 1
1632484291.084311319 0 0 0 0 0 0 1
1632484291.084452056 0 0 0 0 0 0 1
1632484291.084496391 0 0 0 0 0 0 1
1632484291.094311991 0 0 0 0 0 0 1
1632484291.124314874 0 0 0 0 0 0 1
1632484291.124464993 0 0 0 0 0 0 1
1632484291.124505852 0 0 0 0 0 0 1
1632484291.134324905 0 0 0 0 0 0 1
1632484291.174332778 0 0 0 0 0 0 1
1632484291.174477345 0 0 0 0 0 0 1
1632484291.174528841 0 0 0 0 0 0 1
1632484291.174566577 0 0 0 0 0 0 1
1632484291.214330212 0 0 0 0 0 0 1
1632484291.214448982 0 0 0 0 0 0 1
1632484291.214487044 0 0 0 0 0 0 1
1632484291.214526530 0 0 0 0 0 0 1
1632484291.224318152 0 0 0 0 0 0 1
1632484291.254334392 0 0 0 0 0 0 1
1632484291.254431849 0 0 0 0 0 0 1
1632484291.254465421 0 0 0 0 0 0 1
1632484291.264318727 0 0 0 0 0 0 1
1632484291.274311037 0 0 0 0 0 0 1
1632484291.284315309 0 0 0 0 0 0 1
1632484291.314333482 0 0 0 0 0 0 1
1632484291.314441362 0 0 0 0 0 0 1
1632484291.314478546 0 0 0 0 0 0 1
1632484291.324313320 0 0 0 0 0 0 1
1632484291.364394160 0 0 0 0 0 0 1
1632484291.364591493 0 0 0 0 0 0 1
1632484291.364631006 0 0 0 0 0 0 1
1632484291.364666997 0 0 0 0 0 0 1
1632484291.374322071 0 0 0 0 0 0 1
1632484291.404324157 0 0 0 0 0 0 1
1632484291.404500793 0 0 0 0 0 0 1
1632484291.404575573 0 0 0 0 0 0 1
1632484291.414302114 0 0 0 0 0 0 1
1632484291.424320846 0 0 0 0 0 0 1
1632484291.434324044 0 0 0 0 0 0 1
1632484291.464324157 0 0 0 0 0 0 1
1632484291.464441623 0 0 0 0 0 0 1
1632484291.464480885 0 0 0 0 0 0 1
1632484291.474326640 0 0 0 0 0 0 1
1632484291.504336515 0 0 0 0 0 0 1
1632484291.504495673 0 0 0 0 0 0 1
1632484291.504580485 0 0 0 0 0 0 1
1632484291.514302654 0 0 0 0 0 0 1
1632484291.554350149 0 0 0 0 0 0 1
1632484291.554562044 0 0 0 0 0 0 1
1632484291.554608309 0 0 0 0 0 0 1
1632484291.554650838 0 0 0 0 0 0 1
1632484291.594321777 0 0 0 0 0 0 1
1632484291.594459886 0 0 0 0 0 0 1
1632484291.594508074 0 0 0 0 0 0 1
1632484291.594560935 0 0 0 0 0 0 1
1632484291.604319777 0 0 0 0 0 0 1
1632484291.634325970 0 0 0 0 0 0 1
1632484291.634506340 0 0 0 0 0 0 1
1632484291.634559314 0 0 0 0 0 0 1
1632484291.644382207 0 0 0 0 0 0 1
1632484291.654338762 0 0 0 0 0 0 1
1632484291.664306480 0 0 0 0 0 0 1
1632484291.694324261 0 0 0 0 0 0 1
1632484291.694444576 0 0 0 0 0 0 1
1632484291.694492163 0 0 0 0 0 0 1
1632484291.704316106 0 0 0 0 0 0 1
1632484291.734313132 0 0 0 0 0 0 1
1632484291.734414703 0 0 0 0 0 0 1
1632484291.734452273 0 0 0 0 0 0 1
1632484291.744314103 0 0 0 0 0 0 1
1632484291.784320661 0 0 0 0 0 0 1
1632484291.784436874 0 0 0 0 0 0 1
1632484291.784471785 0 0 0 0 0 0 1
1632484291.784506315 0 0 0 0 0 0 1
1632484291.794303642 0 0 0 0 0 0 1
1632484291.824330442 0 0 0 0 0 0 1
1632484291.824449186 0 0 0 0 0 0 1
1632484291.824486747 0 0 0 0 0 0 1
1632484291.834314045 0 0 0 0 0 0 1
1632484291.844521098 0 0 0 0 0 0 1
1632484291.854326840 0 0 0 0 0 0 1
1632484291.884322146 0 0 0 0 0 0 1
1632484291.884453412 0 0 0 0 0 0 1
1632484291.884501348 0 0 0 0 0 0 1
1632484291.894319043 0 0 0 0 0 0 1
1632484291.934334904 0 0 0 0 0 0 1
1632484291.934497627 0 0 0 0 0 0 1
1632484291.934537677 0 0 0 0 0 0 1
1632484291.934610031 0 0 0 0 0 0 1
1632484291.974346914 0 0 0 0 0 0 1
1632484291.974486096 0 0 0 0 0 0 1
1632484291.974533610 0 0 0 0 0 0 1
1632484291.974569518 0 0 0 0 0 0 1
1632484291.984308734 0 0 0 0 0 0 1
1632484292.024345933 0 0 0 0 0 0 1
1632484292.024450252 0 0 0 0 0 0 1
1632484292.024484156 0 0 0 0 0 0 1
1632484292.024518497 0 0 0 0 0 0 1
1632484292.034334067 0 0 0 0 0 0 1
1632484292.064313062 0 0 0 0 0 0 1
1632484292.064419717 0 0 0 0 0 0 1
1632484292.064469410 0 0 0 0 0 0 1
1632484292.074321239 0 0 0 0 0 0 1
1632484292.084323701 0 0 0 0 0 0 1
1632484292.094308570 0 0 0 0 0 0 1
1632484292.124336393 0 0 0 0 0 0 1
1632484292.124555667 0 0 0 0 0 0 1
1632484292.124656637 0 0 0 0 0 0 1
1632484292.134306796 0 0 0 0 0 0 1
1632484292.174335754 0 0 0 0 0 0 1
1632484292.174425008 0 0 0 0 0 0 1
1632484292.174468242 0 0 0 0 0 0 1
1632484292.174502199 0 0 0 0 0 0 1
1632484292.214325694 0 0 0 0 0 0 1
1632484292.214438178 0 0 0 0 0 0 1
1632484292.214474369 0 0 0 0 0 0 1
1632484292.214513674 0 0 0 0 0 0 1
1632484292.224316323 0 0 0 0 0 0 1
1632484292.254304502 0 0 0 0 0 0 1
1632484292.254408759 0 0 0 0 0 0 1
1632484292.254456893 0 0 0 0 0 0 1
1632484292.264321802 0 0 0 0 0 0 1
1632484292.274312977 0 0 0 0 0 0 1
1632484292.284325647 0 0 0 0 0 0 1
1632484292.314318184 0 0 0 0 0 0 1
1632484292.314409932 0 0 0 0 0 0 1
1632484292.314458217 0 0 0 0 0 0 1
1632484292.324339356 0 0 0 0 0 0 1
1632484292.354318945 0 0 0 0 0 0 1
1632484292.354470558 0 0 0 0 0 0 1
1632484292.354504733 0 0 0 0 0 0 1
1632484292.364307135 0 0 0 0 0 0 1
1632484292.404311401 0 0 0 0 0 0 1
1632484292.404422428 0 0 0 0 0 0 1
1632484292.404459155 0 0 0 0 0 0 1
1632484292.404492652 0 0 0 0 0 0 1
1632484292.414360129 0 0 0 0 0 0 1
1632484292.444326386 0 0 0 0 0 0 1
1632484292.444460179 0 0 0 0 0 0 1
1632484292.444499187 0 0 0 0 0 0 1
1632484292.454327030 0 0 0 0 0 0 1
1632484292.464306813 0 0 0 0 0 0 1
1632484292.474320776 0 0 0 0 0 0 1
1632484292.504318727 0 0 0 0 0 0 1
1632484292.504446257 0 0 0 0 0 0 1
1632484292.504488387 0 0 0 0 0 0 1
1632484292.514335797 0 0 0 0 0 0 1
1632484292.544317195 0 0 0 0 0 0 1
1632484292.544430865 0 0 0 0 0 0 1
1632484292.544469652 0 0 0 0 0 0 1
1632484292.554324922 0 0 0 0 0 0 1
1632484292.594321855 0 0 0 0 0 0 1
1632484292.594442225 0 0 0 0 0 0 1
1632484292.594478070 0 0 0 0 0 0 1
1632484292.594533930 0 0 0 0 0 0 1
1632484292.604319181 0 0 0 0 0 0 1
1632484292.634309899 0 0 0 0 0 0 1
1632484292.634461443 0 0 0 0 0 0 1
1632484292.634527377 0 0 0 0 0 0 1
1632484292.644312347 0 0 0 0 0 0 1
1632484292.654330354 0 0 0 0 0 0 1
1632484292.664293321 0 0 0 0 0 0 1
1632484292.694321387 0 0 0 0 0 0 1
1632484292.697011043 0 0 0 0 0 0 1
1632484292.697059896 0 0 0 0 0 0 1
1632484292.704322432 0 0 0 0 0 0 1
1632484292.734332061 0 0 0 0 0 0 1
1632484292.734471142 0 0 0 0 0 0 1
1632484292.734516894 0 0 0 0 0 0 1
1632484292.744321600 0 0 0 0 0 0 1
1632484292.784325735 0 0 0 0 0 0 1
1632484292.784441598 0 0 0 0 0 0 1
1632484292.784477578 0 0 0 0 0 0 1
1632484292.784528234 0 0 0 0 0 0 1
1632484292.794312775 0 0 0 0 0 0 1
1632484292.824326218 0 0 0 0 0 0 1
1632484292.824439577 0 0 0 0 0 0 1
1632484292.824477133 0 0 0 0 0 0 1
1632484292.834323500 0 0 0 0 0 0 1
1632484292.844312373 0 0 0 0 0 0 1
1632484292.854308522 0 0 0 0 0 0 1
1632484292.884328780 0 0 0 0 0 0 1
1632484292.884512247 0 0 0 0 0 0 1
1632484292.884562869 0 0 0 0 0 0 1
1632484292.894330418 0 0 0 0 0 0 1
1632484292.924323982 0 0 0 0 0 0 1
1632484292.924430088 0 0 0 0 0 0 1
1632484292.924467474 0 0 0 0 0 0 1
1632484292.934326434 0 0 0 0 0 0 1
1632484292.974400103 0 0 0 0 0 0 1
1632484292.974541910 0 0 0 0 0 0 1
1632484292.974586990 0 0 0 0 0 0 1
1632484292.974628736 0 0 0 0 0 0 1
1632484293.014314116 0 0 0 0 0 0 1
1632484293.014416391 0 0 0 0 0 0 1
1632484293.014468864 0 0 0 0 0 0 1
1632484293.014505450 0 0 0 0 0 0 1
1632484293.024318767 0 0 0 0 0 0 1
1632484293.054308232 0 0 0 0 0 0 1
1632484293.054478760 0 0 0 0 0 0 1
1632484293.054525743 0 0 0 0 0 0 1
1632484293.064322035 0 0 0 0 0 0 1
1632484293.074332048 0 0 0 0 0 0 1
1632484293.084317805 0 0 0 0 0 0 1
1632484293.114322156 0 0 0 0 0 0 1
1632484293.114411473 0 0 0 0 0 0 1
1632484293.114452969 0 0 0 0 0 0 1
1632484293.124315517 0 0 0 0 0 0 1
1632484293.154316885 0 0 0 0 0 0 1
1632484293.154430773 0 0 0 0 0 0 1
1632484293.154468135 0 0 0 0 0 0 1
1632484293.164312585 0 0 0 0 0 0 1
1632484293.204321710 0 0 0 0 0 0 1
1632484293.204463482 0 0 0 0 0 0 1
1632484293.204510159 0 0 0 0 0 0 1
1632484293.204550132 0 0 0 0 0 0 1
1632484293.214312509 0 0 0 0 0 0 1
1632484293.244332517 0 0 0 0 0 0 1
1632484293.244434004 0 0 0 0 0 0 1
1632484293.244470072 0 0 0 0 0 0 1
1632484293.254358715 0 0 0 0 0 0 1
1632484293.264304210 0 0 0 0 0 0 1
1632484293.274324300 0 0 0 0 0 0 1
1632484293.304378793 0 0 0 0 0 0 1
1632484293.304714523 0 0 0 0 0 0 1
1632484293.304792150 0 0 0 0 0 0 1
1632484293.314319893 0 0 0 0 0 0 1
1632484293.344341637 0 0 0 0 0 0 1
1632484293.344463151 0 0 0 0 0 0 1
1632484293.344503528 0 0 0 0 0 0 1
1632484293.354336732 0 0 0 0 0 0 1
1632484293.394317794 0 0 0 0 0 0 1
1632484293.394422650 0 0 0 0 0 0 1
1632484293.394461202 0 0 0 0 0 0 1
1632484293.394497428 0 0 0 0 0 0 1
1632484293.434319750 0 0 0 0 0 0 1
1632484293.434444981 0 0 0 0 0 0 1
1632484293.434479687 0 0 0 0 0 0 1
1632484293.434527714 0 0 0 0 0 0 1
1632484293.444311028 0 0 0 0 0 0 1
1632484293.474323030 0 0 0 0 0 0 1
1632484293.474427113 0 0 0 0 0 0 1
1632484293.474468254 0 0 0 0 0 0 1
1632484293.484312067 0 0 0 0 0 0 1
1632484293.494389480 0 0 0 0 0 0 1
1632484293.504378367 0 0 0 0 0 0 1
1632484293.534334634 0 0 0 0 0 0 1
1632484293.534508179 0 0 0 0 0 0 1
1632484293.534561538 0 0 0 0 0 0 1
1632484293.544325867 0 0 0 0 0 0 1
1632484293.584324730 0 0 0 0 0 0 1
1632484293.584484638 0 0 0 0 0 0 1
1632484293.584536199 0 0 0 0 0 0 1
1632484293.584595667 0 0 0 0 0 0 1
1632484293.594315563 0 0 0 0 0 0 1
1632484293.624321340 0 0 0 0 0 0 1
1632484293.624426067 0 0 0 0 0 0 1
1632484293.624465448 0 0 0 0 0 0 1
1632484293.634326588 0 0 0 0 0 0 1
1632484293.644308092 0 0 0 0 0 0 1
1632484293.654338162 0 0 0 0 0 0 1
1632484293.684314436 0 0 0 0 0 0 1
1632484293.684418434 0 0 0 0 0 0 1
1632484293.684453083 0 0 0 0 0 0 1
1632484293.694318998 0 0 0 0 0 0 1
1632484293.734321975 0 0 0 0 0 0 1
1632484293.734429984 0 0 0 0 0 0 1
1632484293.734464850 0 0 0 0 0 0 1
1632484293.734502254 0 0 0 0 0 0 1
1632484293.774331195 0 0 0 0 0 0 1
1632484293.774446868 0 0 0 0 0 0 1
1632484293.774482667 0 0 0 0 0 0 1
1632484293.774541008 0 0 0 0 0 0 1
1632484293.784381948 0 0 0 0 0 0 1
1632484293.814376712 0 0 0 0 0 0 1
1632484293.814486108 0 0 0 0 0 0 1
1632484293.814524666 0 0 0 0 0 0 1
1632484293.824325678 0 0 0 0 0 0 1
1632484293.834344253 0 0 0 0 0 0 1
1632484293.844292589 0 0 0 0 0 0 1
1632484293.874328261 0 0 0 0 0 0 1
1632484293.874427598 0 0 0 0 0 0 1
1632484293.874467758 0 0 0 0 0 0 1
1632484293.884310409 0 0 0 0 0 0 1
1632484293.914308245 0 0 0 0 0 0 1
1632484293.914455196 0 0 0 0 0 0 1
1632484293.914499994 0 0 0 0 0 0 1
1632484293.924337156 0 0 0 0 0 0 1
1632484293.964350621 0 0 0 0 0 0 1
1632484293.964445655 0 0 0 0 0 0 1
1632484293.964481776 0 0 0 0 0 0 1
1632484293.964512531 0 0 0 0 0 0 1
1632484293.974295303 0 0 0 0 0 0 1
1632484294.004333647 0 0 0 0 0 0 1
1632484294.004477258 0 0 0 0 0 0 1
1632484294.004512703 0 0 0 0 0 0 1
1632484294.014306543 0 0 0 0 0 0 1
1632484294.024307863 0 0 0 0 0 0 1
1632484294.034327789 0 0 0 0 0 0 1
1632484294.064322739 0 0 0 0 0 0 1
1632484294.064419430 0 0 0 0 0 0 1
1632484294.064455530 0 0 0 0 0 0 1
1632484294.074306113 0 0 0 0 0 0 1
1632484294.104336843 0 0 0 0 0 0 1
1632484294.104460821 0 0 0 0 0 0 1
1632484294.104499331 0 0 0 0 0 0 1
1632484294.114296004 0 0 0 0 0 0 1
1632484294.154331293 0 0 0 0 0 0 1
1632484294.154443288 0 0 0 0 0 0 1
1632484294.154478807 0 0 0 0 0 0 1
1632484294.154515299 0 0 0 0 0 0 1
1632484294.194318969 0 0 0 0 0 0 1
1632484294.194423794 0 0 0 0 0 0 1
1632484294.194458608 0 0 0 0 0 0 1
1632484294.194491430 0 0 0 0 0 0 1
1632484294.204346026 0 0 0 0 0 0 1
1632484294.234309619 0 0 0 0 0 0 1
1632484294.234434014 0 0 0 0 0 0 1
1632484294.234470182 0 0 0 0 0 0 1
1632484294.244298727 0 0 0 0 0 0 1
1632484294.254382149 0 0 0 0 0 0 1
1632484294.264314202 0 0 0 0 0 0 1
1632484294.294298482 0 0 0 0 0 0 1
1632484294.294419044 0 0 0 0 0 0 1
1632484294.294455058 0 0 0 0 0 0 1
1632484294.304324874 0 0 0 0 0 0 1
1632484294.334325070 0 0 0 0 0 0 1
1632484294.334495394 0 0 0 0 0 0 1
1632484294.334544296 0 0 0 0 0 0 1
1632484294.344333165 0 0 0 0 0 0 1
1632484294.384344865 0 0 0 0 0 0 1
1632484294.384521568 0 0 0 0 0 0 1
1632484294.384589392 0 0 0 0 0 0 1
1632484294.384649054 0 0 0 0 0 0 1
1632484294.394319752 0 0 0 0 0 0 1
1632484294.424309808 0 0 0 0 0 0 1
1632484294.424409113 0 0 0 0 0 0 1
1632484294.424449905 0 0 0 0 0 0 1
1632484294.434294820 0 0 0 0 0 0 1
1632484294.444375889 0 0 0 0 0 0 1
1632484294.454316739 0 0 0 0 0 0 1
1632484294.484308796 0 0 0 0 0 0 1
1632484294.484426383 0 0 0 0 0 0 1
1632484294.484461544 0 0 0 0 0 0 1
1632484294.494313559 0 0 0 0 0 0 1
1632484294.524384977 0 0 0 0 0 0 1
1632484294.524503319 0 0 0 0 0 0 1
1632484294.524547306 0 0 0 0 0 0 1
1632484294.534337073 0 0 0 0 0 0 1
1632484294.574337660 0 0 0 0 0 0 1
1632484294.574451576 0 0 0 0 0 0 1
1632484294.574486024 0 0 0 0 0 0 1
1632484294.574534886 0 0 0 0 0 0 1
1632484294.614395267 0 0 0 0 0 0 1
1632484294.614518793 0 0 0 0 0 0 1
1632484294.614557645 0 0 0 0 0 0 1
1632484294.614610120 0 0 0 0 0 0 1
1632484294.624377729 0 0 0 0 0 0 1
1632484294.654401276 0 0 0 0 0 0 1
1632484294.654526727 0 0 0 0 0 0 1
1632484294.654564760 0 0 0 0 0 0 1
1632484294.664309099 0 0 0 0 0 0 1
1632484294.674373537 0 0 0 0 0 0 1
1632484294.684319030 0 0 0 0 0 0 1
1632484294.714319753 0 0 0 0 0 0 1
1632484294.714440543 0 0 0 0 0 0 1
1632484294.714493100 0 0 0 0 0 0 1
1632484294.724316554 0 0 0 0 0 0 1
1632484294.754331426 0 0 0 0 0 0 1
1632484294.754530556 0 0 0 0 0 0 1
1632484294.754593130 0 0 0 0 0 0 1
1632484294.764322603 0 0 0 0 0 0 1
1632484294.804329455 0 0 0 0 0 0 1
1632484294.804434266 0 0 0 0 0 0 1
1632484294.804470458 0 0 0 0 0 0 1
1632484294.804504754 0 0 0 0 0 0 1
1632484294.814308347 0 0 0 0 0 0 1
1632484294.844334794 0 0 0 0 0 0 1
1632484294.844462739 0 0 0 0 0 0 1
1632484294.844521471 0 0 0 0 0 0 1
1632484294.854320192 0 0 0 0 0 0 1
1632484294.864315692 0 0 0 0 0 0 1
1632484294.874307367 0 0 0 0 0 0 1
1632484294.904339199 0 0 0 0 0 0 1
1632484294.904489927 0 0 0 0 0 0 1
1632484294.904527197 0 0 0 0 0 0 1
1632484294.914309439 0 0 0 0 0 0 1
1632484294.954338847 0 0 0 0 0 0 1
1632484294.954468026 0 0 0 0 0 0 1
1632484294.954521861 0 0 0 0 0 0 1
1632484294.954574950 0 0 0 0 0 0 1
1632484294.994316418 0 0 0 0 0 0 1
1632484294.994445348 0 0 0 0 0 0 1
1632484294.994525538 0 0 0 0 0 0 1
1632484294.994581111 0 0 0 0 0 0 1
1632484295.004324424 0 0 0 0 0 0 1
1632484295.044323811 0 0 0 0 0 0 1
1632484295.044458925 0 0 0 0 0 0 1
1632484295.044511933 0 0 0 0 0 0 1
1632484295.044558239 0 0 0 0 0 0 1
1632484295.054323782 0 0 0 0 0 0 1
1632484295.084324219 0 0 0 0 0 0 1
1632484295.084479871 0 0 0 0 0 0 1
1632484295.084530950 0 0 0 0 0 0 1
1632484295.094316424 0 0 0 0 0 0 1
1632484295.104336127 0 0 0 0 0 0 1
1632484295.114309388 0 0 0 0 0 0 1
1632484295.144332189 0 0 0 0 0 0 1
1632484295.144447858 0 0 0 0 0 0 1
1632484295.144484982 0 0 0 0 0 0 1
1632484295.154327136 0 0 0 0 0 0 1
1632484295.184320801 0 0 0 0 0 0 1
1632484295.184487565 0 0 0 0 0 0 1
1632484295.184536471 0 0 0 0 0 0 1
1632484295.194386497 0 0 0 0 0 0 1
1632484295.234372309 0 0 0 0 0 0 1
1632484295.234489208 0 0 0 0 0 0 1
1632484295.234526719 0 0 0 0 0 0 1
1632484295.234563010 0 0 0 0 0 0 1
1632484295.274329785 0 0 0 0 0 0 1
1632484295.274446068 0 0 0 0 0 0 1
1632484295.274479758 0 0 0 0 0 0 1
1632484295.274523910 0 0 0 0 0 0 1
1632484295.284363713 0 0 0 0 0 0 1
1632484295.314330754 0 0 0 0 0 0 1
1632484295.314453948 0 0 0 0 0 0 1
1632484295.314491942 0 0 0 0 0 0 1
1632484295.324330427 0 0 0 0 0 0 1
1632484295.334384769 0 0 0 0 0 0 1
1632484295.344337940 0 0 0 0 0 0 1
1632484295.374340296 0 0 0 0 0 0 1
1632484295.374451106 0 0 0 0 0 0 1
1632484295.374487901 0 0 0 0 0 0 1
1632484295.384307013 0 0 0 0 0 0 1
1632484295.414315178 0 0 0 0 0 0 1
1632484295.414447020 0 0 0 0 0 0 1
1632484295.414494247 0 0 0 0 0 0 1
1632484295.424335384 0 0 0 0 0 0 1
1632484295.464320874 0 0 0 0 0 0 1
1632484295.464448814 0 0 0 0 0 0 1
1632484295.464504022 0 0 0 0 0 0 1
1632484295.464563603 0 0 0 0 0 0 1
1632484295.474314338 0 0 0 0 0 0 1
1632484295.504326618 0 0 0 0 0 0 1
1632484295.504467765 0 0 0 0 0 0 1
1632484295.504540100 0 0 0 0 0 0 1
1632484295.514340155 0 0 0 0 0 0 1
1632484295.524328894 0 0 0 0 0 0 1
1632484295.534316233 0 0 0 0 0 0 1
1632484295.564311345 0 0 0 0 0 0 1
1632484295.564451385 0 0 0 0 0 0 1
1632484295.564494815 0 0 0 0 0 0 1
1632484295.574327299 0 0 0 0 0 0 1
1632484295.604331962 0 0 0 0 0 0 1
1632484295.604464021 0 0 0 0 0 0 1
1632484295.604500480 0 0 0 0 0 0 1
1632484295.614307491 0 0 0 0 0 0 1
1632484295.654331949 0 0 0 0 0 0 1
1632484295.654522697 0 0 0 0 0 0 1
1632484295.654559325 0 0 0 0 0 0 1
1632484295.654593274 0 0 0 0 0 0 1
1632484295.664323688 0 0 0 0 0 0 1
1632484295.694396152 0 0 0 0 0 0 1
1632484295.694499983 0 0 0 0 0 0 1
1632484295.694545687 0 0 0 0 0 0 1
1632484295.704348883 0 0 0 0 0 0 1
1632484295.714354549 0 0 0 0 0 0 1
1632484295.724330198 0 0 0 0 0 0 1
1632484295.754301610 0 0 0 0 0 0 1
1632484295.754480305 0 0 0 0 0 0 1
1632484295.754530307 0 0 0 0 0 0 1
1632484295.764311038 0 0 0 0 0 0 1
1632484295.804344034 0 0 0 0 0 0 1
1632484295.804498731 0 0 0 0 0 0 1
1632484295.804533238 0 0 0 0 0 0 1
1632484295.804569186 0 0 0 0 0 0 1
1632484295.814312633 0 0 0 0 0 0 1
1632484295.844369323 0 0 0 0 0 0 1
1632484295.844495212 0 0 0 0 0 0 1
1632484295.844548085 0 0 0 0 0 0 1
1632484295.854330383 0 0 0 0 0 0 1
1632484295.864379938 0 0 0 0 0 0 1
1632484295.874378940 0 0 0 0 0 0 1
1632484295.904316931 0 0 0 0 0 0 1
1632484295.904446039 0 0 0 0 0 0 1
1632484295.904500866 0 0 0 0 0 0 1
1632484295.914321000 0 0 0 0 0 0 1
1632484295.944318815 0 0 0 0 0 0 1
1632484295.944433929 0 0 0 0 0 0 1
1632484295.944471522 0 0 0 0 0 0 1
1632484295.954316909 0 0 0 0 0 0 1
1632484295.994332102 0 0 0 0 0 0 1
1632484295.994441934 0 0 0 0 0 0 1
1632484295.994495255 0 0 0 0 0 0 1
1632484295.994530861 0 0 0 0 0 0 1
1632484296.034322658 0 0 0 0 0 0 1
1632484296.034461671 0 0 0 0 0 0 1
1632484296.034492657 0 0 0 0 0 0 1
1632484296.034531456 0 0 0 0 0 0 1
1632484296.044314140 0 0 0 0 0 0 1
1632484296.074339759 0 0 0 0 0 0 1
1632484296.074439439 0 0 0 0 0 0 1
1632484296.074475334 0 0 0 0 0 0 1
1632484296.084330388 0 0 0 0 0 0 1
1632484296.094312896 0 0 0 0 0 0 1
1632484296.104323873 0 0 0 0 0 0 1
1632484296.134326461 0 0 0 0 0 0 1
1632484296.134450996 0 0 0 0 0 0 1
1632484296.134489677 0 0 0 0 0 0 1
1632484296.144325018 0 0 0 0 0 0 1
1632484296.174328660 0 0 0 0 0 0 1
1632484296.174458619 0 0 0 0 0 0 1
1632484296.174518944 0 0 0 0 0 0 1
1632484296.184322423 0 0 0 0 0 0 1
1632484296.224341142 0 0 0 0 0 0 1
1632484296.224457908 0 0 0 0 0 0 1
1632484296.224512076 0 0 0 0 0 0 1
1632484296.224577477 0 0 0 0 0 0 1
1632484296.234310878 0 0 0 0 0 0 1
1632484296.264323174 0 0 0 0 0 0 1
1632484296.264466872 0 0 0 0 0 0 1
1632484296.264510599 0 0 0 0 0 0 1
1632484296.274353864 0 0 0 0 0 0 1
1632484296.284318881 0 0 0 0 0 0 1
1632484296.294326664 0 0 0 0 0 0 1
1632484296.324307735 0 0 0 0 0 0 1
1632484296.324417148 0 0 0 0 0 0 1
1632484296.324465459 0 0 0 0 0 0 1
1632484296.334301639 0 0 0 0 0 0 1
1632484296.364331402 0 0 0 0 0 0 1
1632484296.364451970 0 0 0 0 0 0 1
1632484296.364522822 0 0 0 0 0 0 1
1632484296.374309860 0 0 0 0 0 0 1
1632484296.414326862 0 0 0 0 0 0 1
1632484296.414449787 0 0 0 0 0 0 1
1632484296.414502546 0 0 0 0 0 0 1
1632484296.414552584 0 0 0 0 0 0 1
1632484296.454380030 0 0 0 0 0 0 1
1632484296.454579887 0 0 0 0 0 0 1
1632484296.454637428 0 0 0 0 0 0 1
1632484296.454675688 0 0 0 0 0 0 1
1632484296.464312411 0 0 0 0 0 0 1
1632484296.494312794 0 0 0 0 0 0 1
1632484296.494411647 0 0 0 0 0 0 1
1632484296.494453488 0 0 0 0 0 0 1
1632484296.504322114 0 0 0 0 0 0 1
1632484296.514311121 0 0 0 0 0 0 1
1632484296.524335042 0 0 0 0 0 0 1
1632484296.554331189 0 0 0 0 0 0 1
1632484296.554496198 0 0 0 0 0 0 1
1632484296.554536867 0 0 0 0 0 0 1
1632484296.564325194 0 0 0 0 0 0 1
1632484296.594320393 0 0 0 0 0 0 1
1632484296.594443263 0 0 0 0 0 0 1
1632484296.594483384 0 0 0 0 0 0 1
1632484296.604322646 0 0 0 0 0 0 1
1632484296.644316445 0 0 0 0 0 0 1
1632484296.644408815 0 0 0 0 0 0 1
1632484296.644443452 0 0 0 0 0 0 1
1632484296.644475753 0 0 0 0 0 0 1
1632484296.654308329 0 0 0 0 0 0 1
1632484296.684312687 0 0 0 0 0 0 1
1632484296.684419007 0 0 0 0 0 0 1
1632484296.684470232 0 0 0 0 0 0 1
1632484296.694327140 0 0 0 0 0 0 1
1632484296.704345790 0 0 0 0 0 0 1
1632484296.714316405 0 0 0 0 0 0 1
1632484296.744321987 0 0 0 0 0 0 1
1632484296.744427957 0 0 0 0 0 0 1
1632484296.744478043 0 0 0 0 0 0 1
1632484296.754325209 0 0 0 0 0 0 1
1632484296.794319605 0 0 0 0 0 0 1
1632484296.794485005 0 0 0 0 0 0 1
1632484296.794545778 0 0 0 0 0 0 1
1632484296.794602956 0 0 0 0 0 0 1
1632484296.834326367 0 0 0 0 0 0 1
1632484296.834526138 0 0 0 0 0 0 1
1632484296.834564746 0 0 0 0 0 0 1
1632484296.834598581 0 0 0 0 0 0 1
1632484296.844320839 0 0 0 0 0 0 1
1632484296.884326709 0 0 0 0 0 0 1
1632484296.884444032 0 0 0 0 0 0 1
1632484296.884482746 0 0 0 0 0 0 1
1632484296.884523963 0 0 0 0 0 0 1
1632484296.894307364 0 0 0 0 0 0 1
1632484296.924322001 0 0 0 0 0 0 1
1632484296.924436151 0 0 0 0 0 0 1
1632484296.924482780 0 0 0 0 0 0 1
1632484296.934334305 0 0 0 0 0 0 1
1632484296.944333730 0 0 0 0 0 0 1
1632484296.954323791 0 0 0 0 0 0 1
1632484296.984336341 0 0 0 0 0 0 1
1632484296.984527144 0 0 0 0 0 0 1
1632484296.984582281 0 0 0 0 0 0 1
1632484296.994317568 0 0 0 0 0 0 1
1632484297.024345577 0 0 0 0 0 0 1
1632484297.024451347 0 0 0 0 0 0 1
1632484297.024487358 0 0 0 0 0 0 1
1632484297.034307943 0 0 0 0 0 0 1
1632484297.074332111 0 0 0 0 0 0 1
1632484297.074440141 0 0 0 0 0 0 1
1632484297.074476385 0 0 0 0 0 0 1
1632484297.074518445 0 0 0 0 0 0 1
1632484297.084308607 0 0 0 0 0 0 1
1632484297.114327689 0 0 0 0 0 0 1
1632484297.114457414 0 0 0 0 0 0 1
1632484297.114511151 0 0 0 0 0 0 1
1632484297.124337551 0 0 0 0 0 0 1
1632484297.134320741 0 0 0 0 0 0 1
1632484297.144322204 0 0 0 0 0 0 1
1632484297.174320992 0 0 0 0 0 0 1
1632484297.174470855 0 0 0 0 0 0 1
1632484297.174501840 0 0 0 0 0 0 1
1632484297.184330144 0 0 0 0 0 0 1
1632484297.214321227 0 0 0 0 0 0 1
1632484297.214443727 0 0 0 0 0 0 1
1632484297.214482328 0 0 0 0 0 0 1
1632484297.224323799 0 0 0 0 0 0 1
1632484297.264321906 0 0 0 0 0 0 1
1632484297.264442938 0 0 0 0 0 0 1
1632484297.264481051 0 0 0 0 0 0 1
1632484297.264515266 0 0 0 0 0 0 1
1632484297.274320956 0 0 0 0 0 0 1
1632484297.304321434 0 0 0 0 0 0 1
1632484297.304424734 0 0 0 0 0 0 1
1632484297.304477280 0 0 0 0 0 0 1
1632484297.314314262 0 0 0 0 0 0 1
1632484297.324312196 0 0 0 0 0 0 1
1632484297.334312032 0 0 0 0 0 0 1
1632484297.364323180 0 0 0 0 0 0 1
1632484297.364462000 0 0 0 0 0 0 1
1632484297.364524576 0 0 0 0 0 0 1
1632484297.374333550 0 0 0 0 0 0 1
1632484297.404339332 0 0 0 0 0 0 1
1632484297.404451641 0 0 0 0 0 0 1
1632484297.404505394 0 0 0 0 0 0 1
1632484297.414317738 0 0 0 0 0 0 1
1632484297.454338546 0 0 0 0 0 0 1
1632484297.454537691 0 0 0 0 0 0 1
1632484297.454610801 0 0 0 0 0 0 1
1632484297.454675080 0 0 0 0 0 0 1
1632484297.494295986 0 0 0 0 0 0 1
1632484297.494406622 0 0 0 0 0 0 1
1632484297.494454774 0 0 0 0 0 0 1
1632484297.494523667 0 0 0 0 0 0 1
1632484297.504316173 0 0 0 0 0 0 1
1632484297.544322697 0 0 0 0 0 0 1
1632484297.544442128 0 0 0 0 0 0 1
1632484297.544522220 0 0 0 0 0 0 1
1632484297.544581907 0 0 0 0 0 0 1
1632484297.554324825 0 0 0 0 0 0 1
1632484297.584330689 0 0 0 0 0 0 1
1632484297.584441250 0 0 0 0 0 0 1
1632484297.584490778 0 0 0 0 0 0 1
1632484297.594297373 0 0 0 0 0 0 1
1632484297.604310653 0 0 0 0 0 0 1
1632484297.614316360 0 0 0 0 0 0 1
1632484297.644335019 0 0 0 0 0 0 1
1632484297.644447609 0 0 0 0 0 0 1
1632484297.644490363 0 0 0 0 0 0 1
1632484297.654321364 0 0 0 0 0 0 1
1632484297.684316129 0 0 0 0 0 0 1
1632484297.684460669 0 0 0 0 0 0 1
1632484297.684509816 0 0 0 0 0 0 1
1632484297.694343901 0 0 0 0 0 0 1
1632484297.734318005 0 0 0 0 0 0 1
1632484297.734459560 0 0 0 0 0 0 1
1632484297.734515738 0 0 0 0 0 0 1
1632484297.734590422 0 0 0 0 0 0 1
1632484297.774352488 0 0 0 0 0 0 1
1632484297.774462426 0 0 0 0 0 0 1
1632484297.774497477 0 0 0 0 0 0 1
1632484297.774531917 0 0 0 0 0 0 1
1632484297.784326134 0 0 0 0 0 0 1
1632484297.814310513 0 0 0 0 0 0 1
1632484297.814463761 0 0 0 0 0 0 1
1632484297.814535580 0 0 0 0 0 0 1
1632484297.824332539 0 0 0 0 0 0 1
1632484297.834307131 0 0 0 0 0 0 1
1632484297.844319582 0 0 0 0 0 0 1
1632484297.874315072 0 0 0 0 0 0 1
1632484297.874425839 0 0 0 0 0 0 1
1632484297.874461606 0 0 0 0 0 0 1
1632484297.884312412 0 0 0 0 0 0 1
1632484297.914405586 0 0 0 0 0 0 1
1632484297.914534611 0 0 0 0 0 0 1
1632484297.914584888 0 0 0 0 0 0 1
1632484297.924377941 0 0 0 0 0 0 1
1632484297.964341660 0 0 0 0 0 0 1
1632484297.964457233 0 0 0 0 0 0 1
1632484297.964507113 0 0 0 0 0 0 1
1632484297.964574897 0 0 0 0 0 0 1
1632484297.974311947 0 0 0 0 0 0 1
1632484298.004321528 0 0 0 0 0 0 1
1632484298.004505042 0 0 0 0 0 0 1
1632484298.004581337 0 0 0 0 0 0 1
1632484298.014318628 0 0 0 0 0 0 1
1632484298.024297872 0 0 0 0 0 0 1
1632484298.034297409 0 0 0 0 0 0 1
1632484298.064372723 0 0 0 0 0 0 1
1632484298.064477087 0 0 0 0 0 0 1
1632484298.064516623 0 0 0 0 0 0 1
1632484298.074361352 0 0 0 0 0 0 1
1632484298.104330585 0 0 0 0 0 0 1
1632484298.104473998 0 0 0 0 0 0 1
1632484298.104512866 0 0 0 0 0 0 1
1632484298.114297265 0 0 0 0 0 0 1
1632484298.154333726 0 0 0 0 0 0 1
1632484298.154491248 0 0 0 0 0 0 1
1632484298.154548919 0 0 0 0 0 0 1
1632484298.154583699 0 0 0 0 0 0 1
1632484298.194325915 0 0 0 0 0 0 1
1632484298.194427086 0 0 0 0 0 0 1
1632484298.194487072 0 0 0 0 0 0 1
1632484298.194518249 0 0 0 0 0 0 1
1632484298.204316724 0 0 0 0 0 0 1
1632484298.234371682 0 0 0 0 0 0 1
1632484298.234478321 0 0 0 0 0 0 1
1632484298.234527163 0 0 0 0 0 0 1
1632484298.244311270 0 0 0 0 0 0 1
1632484298.254326029 0 0 0 0 0 0 1
1632484298.264291470 0 0 0 0 0 0 1
1632484298.294321105 0 0 0 0 0 0 1
1632484298.294424865 0 0 0 0 0 0 1
1632484298.294460037 0 0 0 0 0 0 1
1632484298.304316854 0 0 0 0 0 0 1
1632484298.344377736 0 0 0 0 0 0 1
1632484298.344483358 0 0 0 0 0 0 1
1632484298.344538935 0 0 0 0 0 0 1
1632484298.344578685 0 0 0 0 0 0 1
1632484298.354330750 0 0 0 0 0 0 1
1632484298.384309226 0 0 0 0 0 0 1
1632484298.384419639 0 0 0 0 0 0 1
1632484298.384456516 0 0 0 0 0 0 1
1632484298.394317395 0 0 0 0 0 0 1
1632484298.404325222 0 0 0 0 0 0 1
1632484298.414327976 0 0 0 0 0 0 1
1632484298.444328435 0 0 0 0 0 0 1
1632484298.444455424 0 0 0 0 0 0 1
1632484298.444494980 0 0 0 0 0 0 1
1632484298.454312350 0 0 0 0 0 0 1
1632484298.484305562 0 0 0 0 0 0 1
1632484298.484425662 0 0 0 0 0 0 1
1632484298.484482748 0 0 0 0 0 0 1
1632484298.494298045 0 0 0 0 0 0 1
1632484298.534331354 0 0 0 0 0 0 1
1632484298.534800389 0 0 0 0 0 0 1
1632484298.534854717 0 0 0 0 0 0 1
1632484298.534907200 0 0 0 0 0 0 1
1632484298.544323874 0 0 0 0 0 0 1
1632484298.574314939 0 0 0 0 0 0 1
1632484298.574452454 0 0 0 0 0 0 1
1632484298.574508978 0 0 0 0 0 0 1
1632484298.584335340 0 0 0 0 0 0 1
1632484298.594365180 0 0 0 0 0 0 1
1632484298.604314366 0 0 0 0 0 0 1
1632484298.634323150 0 0 0 0 0 0 1
1632484298.634454065 0 0 0 0 0 0 1
1632484298.634493180 0 0 0 0 0 0 1
1632484298.644388830 0 0 0 0 0 0 1
1632484298.674308261 0 0 0 0 0 0 1
1632484298.674435298 0 0 0 0 0 0 1
1632484298.674472743 0 0 0 0 0 0 1
1632484298.684320340 0 0 0 0 0 0 1
1632484298.724383814 0 0 0 0 0 0 1
1632484298.724490796 0 0 0 0 0 0 1
1632484298.724527906 0 0 0 0 0 0 1
1632484298.724569677 0 0 0 0 0 0 1
1632484298.734315061 0 0 0 0 0 0 1
1632484298.764325718 0 0 0 0 0 0 1
1632484298.764442350 0 0 0 0 0 0 1
1632484298.764477307 0 0 0 0 0 0 1
1632484298.774327137 0 0 0 0 0 0 1
1632484298.784367131 0 0 0 0 0 0 1
1632484298.794310290 0 0 0 0 0 0 1
1632484298.824388037 0 0 0 0 0 0 1
1632484298.824522520 0 0 0 0 0 0 1
1632484298.824582987 0 0 0 0 0 0 1
1632484298.834322017 0 0 0 0 0 0 1
1632484298.864379518 0 0 0 0 0 0 1
1632484298.864490128 0 0 0 0 0 0 1
1632484298.864547170 0 0 0 0 0 0 1
1632484298.874317402 0 0 0 0 0 0 1
1632484298.914307891 0 0 0 0 0 0 1
1632484298.914428277 0 0 0 0 0 0 1
1632484298.914475054 0 0 0 0 0 0 1
1632484298.914521827 0 0 0 0 0 0 1
1632484298.954323121 0 0 0 0 0 0 1
1632484298.954462049 0 0 0 0 0 0 1
1632484298.954509748 0 0 0 0 0 0 1
1632484298.954584822 0 0 0 0 0 0 1
1632484298.964326011 0 0 0 0 0 0 1
1632484298.994338170 0 0 0 0 0 0 1
1632484298.994449767 0 0 0 0 0 0 1
1632484298.994494308 0 0 0 0 0 0 1
1632484299.004317547 0 0 0 0 0 0 1
1632484299.014323758 0 0 0 0 0 0 1
1632484299.024340889 0 0 0 0 0 0 1
1632484299.054325607 0 0 0 0 0 0 1
1632484299.054483115 0 0 0 0 0 0 1
1632484299.054527815 0 0 0 0 0 0 1
1632484299.064314255 0 0 0 0 0 0 1
1632484299.094332089 0 0 0 0 0 0 1
1632484299.094434631 0 0 0 0 0 0 1
1632484299.094468735 0 0 0 0 0 0 1
1632484299.104315450 0 0 0 0 0 0 1
1632484299.144330803 0 0 0 0 0 0 1
1632484299.144459789 0 0 0 0 0 0 1
1632484299.144509916 0 0 0 0 0 0 1
1632484299.144542148 0 0 0 0 0 0 1
1632484299.154322877 0 0 0 0 0 0 1
1632484299.194348416 0 0 0 0 0 0 1
1632484299.194479648 0 0 0 0 0 0 1
1632484299.194527052 0 0 0 0 0 0 1
1632484299.194601273 0 0 0 0 0 0 1
1632484299.204333072 0 0 0 0 0 0 1
1632484299.214321022 0 0 0 0 0 0 1
1632484299.244320784 0 0 0 0 0 0 1
1632484299.244417612 0 0 0 0 0 0 1
1632484299.244462313 0 0 0 0 0 0 1
1632484299.254321479 0 0 0 0 0 0 1
1632484299.284375676 0 0 0 0 0 0 1
1632484299.284503428 0 0 0 0 0 0 1
1632484299.284565665 0 0 0 0 0 0 1
1632484299.294321287 0 0 0 0 0 0 1
1632484299.334341929 0 0 0 0 0 0 1
1632484299.334540662 0 0 0 0 0 0 1
1632484299.334585791 0 0 0 0 0 0 1
1632484299.334636080 0 0 0 0 0 0 1
1632484299.374371358 0 0 0 0 0 0 1
1632484299.374507846 0 0 0 0 0 0 1
1632484299.374559066 0 0 0 0 0 0 1
1632484299.374635890 0 0 0 0 0 0 1
1632484299.384355619 0 0 0 0 0 0 1
1632484299.424396666 0 0 0 0 0 0 1
1632484299.424528473 0 0 0 0 0 0 1
1632484299.424578829 0 0 0 0 0 0 1
1632484299.424630930 0 0 0 0 0 0 1
1632484299.434315983 0 0 0 0 0 0 1
1632484299.464335527 0 0 0 0 0 0 1
1632484299.464436696 0 0 0 0 0 0 1
1632484299.464471258 0 0 0 0 0 0 1
1632484299.474293719 0 0 0 0 0 0 1
1632484299.484310149 0 0 0 0 0 0 1
1632484299.494307855 0 0 0 0 0 0 1
1632484299.524325724 0 0 0 0 0 0 1
1632484299.524455216 0 0 0 0 0 0 1
1632484299.524491766 0 0 0 0 0 0 1
1632484299.534316133 0 0 0 0 0 0 1
1632484299.574401566 0 0 0 0 0 0 1
1632484299.574546242 0 0 0 0 0 0 1
1632484299.574585393 0 0 0 0 0 0 1
1632484299.574618773 0 0 0 0 0 0 1
1632484299.614349834 0 0 0 0 0 0 1
1632484299.614455330 0 0 0 0 0 0 1
1632484299.614496699 0 0 0 0 0 0 1
1632484299.614532436 0 0 0 0 0 0 1
1632484299.654348565 0 0 0 0 0 0 1
1632484299.654501730 0 0 0 0 0 0 1
1632484299.654552207 0 0 0 0 0 0 1
1632484299.654600660 0 0 0 0 0 0 1
1632484299.664384571 0 0 0 0 0 0 1
1632484299.694320750 0 0 0 0 0 0 1
1632484299.694445332 0 0 0 0 0 0 1
1632484299.694502322 0 0 0 0 0 0 1
1632484299.704397340 0 0 0 0 0 0 1
1632484299.714335724 0 0 0 0 0 0 1
1632484299.724399369 0 0 0 0 0 0 1
1632484299.754380922 0 0 0 0 0 0 1
1632484299.754504729 0 0 0 0 0 0 1
1632484299.754573884 0 0 0 0 0 0 1
1632484299.764315663 0 0 0 0 0 0 1
1632484299.794319122 0 0 0 0 0 0 1
1632484299.794413522 0 0 0 0 0 0 1
1632484299.794461891 0 0 0 0 0 0 1
1632484299.804338866 0 0 0 0 0 0 1
1632484299.844346842 0 0 0 0 0 0 1
1632484299.844448756 0 0 0 0 0 0 1
1632484299.844483890 0 0 0 0 0 0 1
1632484299.844525897 0 0 0 0 0 0 1
1632484299.854318677 0 0 0 0 0 0 1
1632484299.894327006 0 0 0 0 0 0 1
1632484299.894448228 0 0 0 0 0 0 1
1632484299.894501071 0 0 0 0 0 0 1
1632484299.894556990 0 0 0 0 0 0 1
1632484299.904349555 0 0 0 0 0 0 1
1632484299.914327629 0 0 0 0 0 0 1
1632484299.944328602 0 0 0 0 0 0 1
1632484299.944449925 0 0 0 0 0 0 1
1632484299.944486749 0 0 0 0 0 0 1
1632484299.954327832 0 0 0 0 0 0 1
1632484299.984320033 0 0 0 0 0 0 1
1632484299.984484132 0 0 0 0 0 0 1
1632484299.984539915 0 0 0 0 0 0 1
1632484299.994469257 0 0 0 0 0 0 1
1632484300.034307471 0 0 0 0 0 0 1
1632484300.034412383 0 0 0 0 0 0 1
1632484300.034447231 0 0 0 0 0 0 1
1632484300.034478952 0 0 0 0 0 0 1
1632484300.074334892 0 0 0 0 0 0 1
1632484300.074472559 0 0 0 0 0 0 1
1632484300.074520253 0 0 0 0 0 0 1
1632484300.074566973 0 0 0 0 0 0 1
1632484300.084315015 0 0 0 0 0 0 1
1632484300.114309893 0 0 0 0 0 0 1
1632484300.114418704 0 0 0 0 0 0 1
1632484300.114461629 0 0 0 0 0 0 1
1632484300.124400053 0 0 0 0 0 0 1
1632484300.134332888 0 0 0 0 0 0 1
1632484300.144386299 0 0 0 0 0 0 1
1632484300.174350983 0 0 0 0 0 0 1
1632484300.174454192 0 0 0 0 0 0 1
1632484300.174492779 0 0 0 0 0 0 1
1632484300.184297488 0 0 0 0 0 0 1
1632484300.214328484 0 0 0 0 0 0 1
1632484300.214432490 0 0 0 0 0 0 1
1632484300.214472140 0 0 0 0 0 0 1
1632484300.224330690 0 0 0 0 0 0 1
1632484300.264339900 0 0 0 0 0 0 1
1632484300.264466523 0 0 0 0 0 0 1
1632484300.264512511 0 0 0 0 0 0 1
1632484300.264563727 0 0 0 0 0 0 1
1632484300.274319179 0 0 0 0 0 0 1
1632484300.304345575 0 0 0 0 0 0 1
1632484300.304494656 0 0 0 0 0 0 1
1632484300.304532225 0 0 0 0 0 0 1
1632484300.314375616 0 0 0 0 0 0 1
1632484300.324331220 0 0 0 0 0 0 1
1632484300.334313377 0 0 0 0 0 0 1
1632484300.364379000 0 0 0 0 0 0 1
1632484300.364490663 0 0 0 0 0 0 1
1632484300.364527802 0 0 0 0 0 0 1
1632484300.374336042 0 0 0 0 0 0 1
1632484300.404315893 0 0 0 0 0 0 1
1632484300.404433422 0 0 0 0 0 0 1
1632484300.404472864 0 0 0 0 0 0 1
1632484300.414314469 0 0 0 0 0 0 1
1632484300.454340698 0 0 0 0 0 0 1
1632484300.454474472 0 0 0 0 0 0 1
1632484300.454511900 0 0 0 0 0 0 1
1632484300.454546701 0 0 0 0 0 0 1
1632484300.494319342 0 0 0 0 0 0 1
1632484300.494437673 0 0 0 0 0 0 1
1632484300.494474617 0 0 0 0 0 0 1
1632484300.494515474 0 0 0 0 0 0 1
1632484300.504306708 0 0 0 0 0 0 1
1632484300.544414460 0 0 0 0 0 0 1
1632484300.544534149 0 0 0 0 0 0 1
1632484300.544569335 0 0 0 0 0 0 1
1632484300.544616075 0 0 0 0 0 0 1
1632484300.554398358 0 0 0 0 0 0 1
1632484300.584320498 0 0 0 0 0 0 1
1632484300.584462392 0 0 0 0 0 0 1
1632484300.584509081 0 0 0 0 0 0 1
1632484300.594318261 0 0 0 0 0 0 1
1632484300.604323095 0 0 0 0 0 0 1
1632484300.614310001 0 0 0 0 0 0 1
1632484300.644345939 0 0 0 0 0 0 1
1632484300.644581625 0 0 0 0 0 0 1
1632484300.644646529 0 0 0 0 0 0 1
1632484300.654316031 0 0 0 0 0 0 1
1632484300.684329435 0 0 0 0 0 0 1
1632484300.684446864 0 0 0 0 0 0 1
1632484300.684482925 0 0 0 0 0 0 1
1632484300.694314688 0 0 0 0 0 0 1
1632484300.734345684 0 0 0 0 0 0 1
1632484300.734538699 0 0 0 0 0 0 1
1632484300.734578141 0 0 0 0 0 0 1
1632484300.734619702 0 0 0 0 0 0 1
1632484300.774326564 0 0 0 0 0 0 1
1632484300.774475814 0 0 0 0 0 0 1
1632484300.774515914 0 0 0 0 0 0 1
1632484300.774547285 0 0 0 0 0 0 1
1632484300.784309987 0 0 0 0 0 0 1
1632484300.814302892 0 0 0 0 0 0 1
1632484300.814409299 0 0 0 0 0 0 1
1632484300.814445574 0 0 0 0 0 0 1
1632484300.824308416 0 0 0 0 0 0 1
1632484300.834310349 0 0 0 0 0 0 1
1632484300.844308033 0 0 0 0 0 0 1
1632484300.874324486 0 0 0 0 0 0 1
1632484300.874501908 0 0 0 0 0 0 1
1632484300.874570155 0 0 0 0 0 0 1
1632484300.884310672 0 0 0 0 0 0 1
1632484300.914310769 0 0 0 0 0 0 1
1632484300.914445913 0 0 0 0 0 0 1
1632484300.914515122 0 0 0 0 0 0 1
1632484300.924330760 0 0 0 0 0 0 1
1632484300.964323954 0 0 0 0 0 0 1
1632484300.964425577 0 0 0 0 0 0 1
1632484300.964461817 0 0 0 0 0 0 1
1632484300.964496210 0 0 0 0 0 0 1
1632484300.974313887 0 0 0 0 0 0 1
1632484301.004333837 0 0 0 0 0 0 1
1632484301.004508632 0 0 0 0 0 0 1
1632484301.004562443 0 0 0 0 0 0 1
1632484301.014321305 0 0 0 0 0 0 1
1632484301.024328257 0 0 0 0 0 0 1
1632484301.034325337 0 0 0 0 0 0 1
1632484301.064323545 0 0 0 0 0 0 1
1632484301.064479238 0 0 0 0 0 0 1
1632484301.064535656 0 0 0 0 0 0 1
1632484301.074324587 0 0 0 0 0 0 1
1632484301.104329577 0 0 0 0 0 0 1
1632484301.104443987 0 0 0 0 0 0 1
1632484301.104480010 0 0 0 0 0 0 1
1632484301.114302240 0 0 0 0 0 0 1
1632484301.154321078 0 0 0 0 0 0 1
1632484301.154438182 0 0 0 0 0 0 1
1632484301.154473956 0 0 0 0 0 0 1
1632484301.154507554 0 0 0 0 0 0 1
1632484301.194345544 0 0 0 0 0 0 1
1632484301.194473935 0 0 0 0 0 0 1
1632484301.194530009 0 0 0 0 0 0 1
1632484301.194575488 0 0 0 0 0 0 1
1632484301.204298662 0 0 0 0 0 0 1
1632484301.234315738 0 0 0 0 0 0 1
1632484301.234429861 0 0 0 0 0 0 1
1632484301.234469050 0 0 0 0 0 0 1
1632484301.244310154 0 0 0 0 0 0 1
1632484301.254329037 0 0 0 0 0 0 1
1632484301.264310258 0 0 0 0 0 0 1
1632484301.294380997 0 0 0 0 0 0 1
1632484301.294529210 0 0 0 0 0 0 1
1632484301.294561500 0 0 0 0 0 0 1
1632484301.304311839 0 0 0 0 0 0 1
1632484301.334320380 0 0 0 0 0 0 1
1632484301.334416388 0 0 0 0 0 0 1
1632484301.334451649 0 0 0 0 0 0 1
1632484301.344389001 0 0 0 0 0 0 1
1632484301.384334792 0 0 0 0 0 0 1
1632484301.384512312 0 0 0 0 0 0 1
1632484301.384569427 0 0 0 0 0 0 1
1632484301.384624421 0 0 0 0 0 0 1
1632484301.394318669 0 0 0 0 0 0 1
1632484301.434307688 0 0 0 0 0 0 1
1632484301.434460820 0 0 0 0 0 0 1
1632484301.434539694 0 0 0 0 0 0 1
1632484301.434607968 0 0 0 0 0 0 1
1632484301.444384350 0 0 0 0 0 0 1
1632484301.454332439 0 0 0 0 0 0 1
1632484301.484331597 0 0 0 0 0 0 1
1632484301.484528480 0 0 0 0 0 0 1
1632484301.484588394 0 0 0 0 0 0 1
1632484301.494323201 0 0 0 0 0 0 1
1632484301.524325980 0 0 0 0 0 0 1
1632484301.524442624 0 0 0 0 0 0 1
1632484301.524482554 0 0 0 0 0 0 1
1632484301.534325139 0 0 0 0 0 0 1
1632484301.574324047 0 0 0 0 0 0 1
1632484301.574485878 0 0 0 0 0 0 1
1632484301.574519350 0 0 0 0 0 0 1
1632484301.574550557 0 0 0 0 0 0 1
1632484301.614321087 0 0 0 0 0 0 1
1632484301.614415930 0 0 0 0 0 0 1
1632484301.614450836 0 0 0 0 0 0 1
1632484301.614490750 0 0 0 0 0 0 1
1632484301.624335305 0 0 0 0 0 0 1
1632484301.654329425 0 0 0 0 0 0 1
1632484301.654443379 0 0 0 0 0 0 1
1632484301.654477850 0 0 0 0 0 0 1
1632484301.664396612 0 0 0 0 0 0 1
1632484301.674307832 0 0 0 0 0 0 1
1632484301.684401938 0 0 0 0 0 0 1
1632484301.714327986 0 0 0 0 0 0 1
1632484301.714445482 0 0 0 0 0 0 1
1632484301.714504044 0 0 0 0 0 0 1
1632484301.724324154 0 0 0 0 0 0 1
1632484301.754300603 0 0 0 0 0 0 1
1632484301.754397152 0 0 0 0 0 0 1
1632484301.754443921 0 0 0 0 0 0 1
1632484301.764294934 0 0 0 0 0 0 1
1632484301.804335661 0 0 0 0 0 0 1
1632484301.804470990 0 0 0 0 0 0 1
1632484301.804523607 0 0 0 0 0 0 1
1632484301.804579334 0 0 0 0 0 0 1
1632484301.814308048 0 0 0 0 0 0 1
1632484301.844338030 0 0 0 0 0 0 1
1632484301.844459768 0 0 0 0 0 0 1
1632484301.844502038 0 0 0 0 0 0 1
1632484301.854323166 0 0 0 0 0 0 1
1632484301.864328884 0 0 0 0 0 0 1
1632484301.874309586 0 0 0 0 0 0 1
1632484301.904335012 0 0 0 0 0 0 1
1632484301.904485518 0 0 0 0 0 0 1
1632484301.904529766 0 0 0 0 0 0 1
1632484301.914390722 0 0 0 0 0 0 1
1632484301.944335183 0 0 0 0 0 0 1
1632484301.944433431 0 0 0 0 0 0 1
1632484301.944469772 0 0 0 0 0 0 1
1632484301.954324182 0 0 0 0 0 0 1
1632484301.994331590 0 0 0 0 0 0 1
1632484301.994467735 0 0 0 0 0 0 1
1632484301.994523291 0 0 0 0 0 0 1
1632484301.994560738 0 0 0 0 0 0 1
1632484302.034341044 0 0 0 0 0 0 1
1632484302.034514176 0 0 0 0 0 0 1
1632484302.034575062 0 0 0 0 0 0 1
1632484302.034630846 0 0 0 0 0 0 1
1632484302.044317197 0 0 0 0 0 0 1
1632484302.074358808 0 0 0 0 0 0 1
1632484302.074471705 0 0 0 0 0 0 1
1632484302.074532633 0 0 0 0 0 0 1
