0.0174256 -0.999624 -0.021177 0.0436828 0.999595 0.0178943 -0.0221474 -0.0503257 0.022518 -0.0207825 0.99953 -0.469114
-0.298225 -0.954366 -0.0157467 0.0909854 0.953931 -0.29744 -0.0393068 1.17432 0.0328294 -0.0267435 0.999103 -0.864688
-0.374342 -0.927138 -0.0168024 -0.140417 0.926866 -0.37356 -0.0370487 2.1175 0.0280725 -0.0294424 0.999172 -0.830994
-0.241612 -0.970258 -0.0149183 -0.569722 0.969626 -0.240795 -0.0429335 3.51436 0.0380643 -0.0248384 0.998967 -0.823939
-0.161598 -0.986766 -0.0134143 -0.959506 0.986106 -0.160929 -0.0411982 5.09823 0.0384942 -0.0198854 0.999061 -0.817668
-0.113601 -0.993459 -0.0115779 -1.2072 0.993058 -0.113182 -0.032022 6.72007 0.0305022 -0.0151353 0.99942 -0.793152
-0.0970612 -0.995249 -0.00766603 -1.27404 0.994873 -0.096799 -0.0292783 9.94668 0.0283971 -0.0104685 0.999542 -0.614332
-0.0771155 -0.997014 -0.00417495 -1.31979 0.996739 -0.076993 -0.0241736 12.4637 0.0237799 -0.00602549 0.999699 -0.552677
-0.0548496 -0.998467 -0.00738271 -1.37578 0.998056 -0.0546049 -0.0300499 14.5553 0.0296007 -0.00901658 0.999521 -0.543536
-0.0306323 -0.99953 -0.00151317 -1.34804 0.999007 -0.0305672 -0.0323996 16.8527 0.0323381 -0.00250414 0.999474 -0.530857
-0.0172979 -0.999849 -0.00161565 -1.29629 0.999395 -0.0172411 -0.0302032 19.2095 0.0301708 -0.00213713 0.999542 -0.517163
-0.0108645 -0.999941 0.000360015 -1.23157 0.999673 -0.01087 -0.0231591 21.1532 0.0231617 0.000108283 0.999732 -0.5124
-0.00389612 -0.99999 -0.00211061 -1.15788 0.999692 -0.00384319 -0.0245145 23.1198 0.0245062 -0.00220547 0.999697 -0.510015
0.00272745 -0.999989 -0.00385109 -1.07459 0.99969 0.00282186 -0.0247165 25.0637 0.0247271 -0.00378248 0.999687 -0.506332
0.0102583 -0.999944 -0.00236345 -0.958477 0.999732 0.010305 -0.0207072 26.9288 0.0207304 -0.0021504 0.999783 -0.498201
0.01015 -0.99994 -0.00418907 -0.813287 0.999662 0.0102472 -0.0238731 29.2609 0.0239146 -0.00394535 0.999706 -0.488034
0.00827992 -0.999966 -0.000126097 -0.688187 0.999608 0.00828034 -0.0267577 31.4328 0.0267579 9.55015e-05 0.999642 -0.475351
0.000376701 -0.999986 -0.00518058 -0.563463 0.999788 0.000483274 -0.020587 33.6017 0.0205892 -0.00517173 0.999775 -0.462618
-0.00755119 -0.999969 -0.00233092 -0.481855 0.999946 -0.00753415 -0.00721116 35.6921 0.00719338 -0.00238524 0.999971 -0.458115
-0.0141205 -0.999867 -0.00811755 -0.401005 0.999797 -0.0140021 -0.0144727 37.7812 0.0143571 -0.00832027 0.999862 -0.453758
-0.017985 -0.99983 -0.0041347 -0.32901 0.999761 -0.0179322 -0.0124612 39.813 0.0123849 -0.00435783 0.999914 -0.450896
-0.0165931 -0.999833 -0.00759839 -0.257152 0.99984 -0.0165416 -0.00679807 41.8437 0.00667125 -0.00770997 0.999948 -0.448058
-0.0107571 -0.99985 -0.0135761 -0.176749 0.999923 -0.0106732 -0.00623795 43.8292 0.00609212 -0.0136421 0.999888 -0.432566
0.000128627 -0.999903 -0.0139312 -0.0962123 0.999928 0.000295997 -0.0120116 45.8141 0.0120145 -0.0139286 0.999831 -0.41688
0.00199521 -0.999953 -0.00951331 -0.0137307 0.999946 0.00209165 -0.0101368 47.9426 0.0101562 -0.00949257 0.999903 -0.420882
0.00320232 -0.999939 -0.0105209 0.0687715 0.999979 0.0032621 -0.0056711 50.0726 0.00570508 -0.0105025 0.999929 -0.42509
0.00210983 -0.999974 -0.00689558 0.159129 0.999981 0.00214994 -0.00581786 51.9674 0.00583253 -0.00688317 0.999959 -0.418852
0.000564635 -0.999965 -0.00835938 0.249796 0.999992 0.000596702 -0.00383972 53.8646 0.00384457 -0.00835715 0.999958 -0.412493
-0.00259495 -0.999963 -0.00815201 0.363468 0.999952 -0.00251734 -0.0095133 56.2571 0.00949243 -0.0081763 0.999922 -0.400677
-0.00416911 -0.999914 -0.0124708 0.454584 0.999966 -0.00407982 -0.00718265 58.1825 0.00713115 -0.0125004 0.999896 -0.389083
-0.00181973 -0.999971 -0.00741761 0.569859 0.999924 -0.00172877 -0.0122421 60.553 0.0122289 -0.00743932 0.999898 -0.374756
0.00243253 -0.999962 -0.00833436 0.687236 0.999902 0.00254732 -0.0137897 62.8675 0.0138104 -0.0083 0.99987 -0.360685
0.00559562 -0.999877 -0.0146629 0.799914 0.999976 0.00565451 -0.0039763 65.1263 0.00405872 -0.0146403 0.999885 -0.343958
0.00937515 -0.999796 -0.0178926 0.905349 0.999948 0.0094434 -0.00373623 67.2988 0.00390443 -0.0178566 0.999833 -0.323156
0.0135921 -0.999819 -0.0133019 1.03257 0.999874 0.0136986 -0.00795413 69.4945 0.00813491 -0.0131921 0.99988 -0.300088
0.0254838 -0.99959 -0.0130911 1.19295 0.999645 0.0255821 -0.00740004 71.7261 0.0077319 -0.0128979 0.999887 -0.273567
0.0433207 -0.998975 -0.0131164 1.37567 0.998993 0.0434675 -0.0111159 74.0289 0.0116746 -0.0126216 0.999852 -0.244864
0.0473114 -0.998836 -0.00941446 1.54897 0.99866 0.0474966 -0.0205277 75.9579 0.020951 -0.00843065 0.999745 -0.21925
0.0501189 -0.998731 -0.00499192 1.72224 0.998591 0.050198 -0.0172155 77.8866 0.0174443 -0.00412206 0.999839 -0.193641
0.0439004 -0.999031 0.00326333 1.90011 0.998883 0.0438364 -0.0176276 79.914 0.0174675 0.00403354 0.999839 -0.185078
0.0326162 -0.999454 0.00535371 2.07799 0.999114 0.0324618 -0.0267667 81.9415 0.0265782 0.00622199 0.999627 -0.176523
0.0208403 -0.99978 -0.00245844 2.23026 0.99942 0.0208989 -0.0268821 84.0007 0.0269276 -0.00189678 0.999636 -0.162811
0.0134746 -0.999903 -0.00361768 2.35722 0.999691 0.0135471 -0.0208269 86.0918 0.0208739 -0.00333593 0.999777 -0.14399
0.0183972 -0.999815 -0.00556474 2.48432 0.999504 0.0185332 -0.025475 88.1827 0.0255735 -0.00509331 0.99966 -0.125183
0.030834 -0.999503 -0.00649724 2.66215 0.999253 0.0309765 -0.0231137 90.3351 0.0233035 -0.00577969 0.999712 -0.109448
0.0392672 -0.999228 -0.00099905 2.84 0.998902 0.0392799 -0.0255257 92.4879 0.0255452 4.36604e-06 0.999674 -0.0937108
0.0453433 -0.998964 0.00395586 3.02395 0.998784 0.0452576 -0.0195707 94.6573 0.0193714 0.00483845 0.999801 -0.101792
0.0488437 -0.998769 0.00863741 3.21391 0.998637 0.0486741 -0.0188663 96.8437 0.0184227 0.00954713 0.999785 -0.133097
0.0489061 -0.998801 0.00208866 3.40396 0.998402 0.0488271 -0.0284395 99.0308 0.0283034 0.00347618 0.999593 -0.16409
0.0445879 -0.998958 0.00969033 3.60338 0.998681 0.0443241 -0.0259152 101.305 0.0254587 0.010833 0.999617 -0.163812
0.0413463 -0.9991 0.00949362 3.80289 0.998731 0.041054 -0.0291567 103.581 0.0287407 0.0106871 0.99953 -0.163534
0.0377371 -0.999238 0.00999026 3.99502 0.998884 0.0374359 -0.0287898 105.889 0.0283938 0.0110656 0.999536 -0.167384
0.0357345 -0.999301 0.010952 4.13393 0.998897 0.0353819 -0.030856 107.645 0.0304469 0.0120425 0.999464 -0.173229
0.0313047 -0.999478 0.00798409 4.31912 0.998922 0.0310113 -0.0345444 109.986 0.0342787 0.00905688 0.999371 -0.181021
0.027666 -0.999588 0.00768976 4.48911 0.998996 0.0273769 -0.0354624 112.342 0.0352373 0.00866314 0.999341 -0.181865
0.0248289 -0.99968 0.00490704 4.65438 0.999084 0.0246423 -0.0349937 114.704 0.0348615 0.0057714 0.999375 -0.180539
0.0222383 -0.999721 0.00792055 4.81493 0.999221 0.0219674 -0.0327964 117.065 0.0326133 0.00864371 0.999431 -0.180035
0.0212971 -0.999673 0.0141552 4.9626 0.999301 0.0208499 -0.0310197 119.421 0.0307144 0.014806 0.999419 -0.181782
0.0203782 -0.999699 0.0136795 5.11024 0.999186 0.0198873 -0.035107 121.776 0.0348244 0.0143838 0.99929 -0.183529
0.019075 -0.999784 0.00830163 5.25472 0.999079 0.018741 -0.0386068 124.112 0.0384429 0.00903041 0.99922 -0.18419
0.019414 -0.999563 0.0222692 5.39821 0.999245 0.0186483 -0.0340933 126.44 0.0336632 0.0229143 0.999171 -0.184518
0.0201428 -0.999724 0.0120702 5.54148 0.999037 0.0196553 -0.039231 128.75 0.038983 0.0128488 0.999157 -0.18439
0.0219859 -0.999606 0.017458 5.64834 0.9988 0.0211973 -0.0441432 130.442 0.0437558 0.0184076 0.998873 -0.183359
0.0220549 -0.999638 0.0154174 5.79083 0.999096 0.0214773 -0.0366733 132.698 0.0363289 0.0162122 0.999208 -0.181985
0.0211451 -0.999748 0.00757574 5.92595 0.999096 0.0208505 -0.0370565 134.91 0.0368892 0.00835245 0.999284 -0.177599
0.021003 -0.99971 0.0117575 6.0544 0.999305 0.0206295 -0.0310355 137.083 0.0307839 0.0124012 0.999449 -0.170466
0.0199193 -0.9997 0.0142125 6.18293 0.999294 0.0194541 -0.0321515 139.255 0.0318654 0.0148429 0.999382 -0.16352
0.0212542 -0.999713 0.0110295 6.31458 0.999424 0.0209538 -0.0266754 141.339 0.0264366 0.0115901 0.999583 -0.163839
0.0243646 -0.999649 0.0103589 6.44623 0.999232 0.0240337 -0.0309465 143.423 0.0306867 0.011105 0.999467 -0.164158
0.0273364 -0.999547 0.0126087 6.58277 0.999284 0.026995 -0.0264937 145.439 0.0261413 0.0133239 0.999569 -0.159703
0.0309465 -0.999465 0.010548 6.72367 0.999111 0.0306301 -0.0289487 147.396 0.0286101 0.0114345 0.999525 -0.150987
0.0412701 -0.998998 0.0173179 6.90864 0.998886 0.0408564 -0.0235955 149.746 0.0228643 0.0182724 0.999572 -0.157554
0.0672004 -0.99757 0.0183817 7.1244 0.997467 0.06674 -0.0246073 151.764 0.0233207 0.0199887 0.999528 -0.225088
0.117196 -0.99286 0.0222203 7.37316 0.992702 0.116478 -0.0312305 153.693 0.0284193 0.0257182 0.999265 -0.276913
0.211538 -0.977194 0.0185621 7.80819 0.977077 0.210971 -0.028478 155.636 0.0239124 0.0241608 0.999422 -0.274086
0.369554 -0.929209 -3.22927e-05 8.42846 0.928771 0.369381 -0.0306873 157.321 0.0285269 0.0113106 0.999529 -0.260932
0.56025 -0.828266 -0.00978181 9.21857 0.82807 0.560331 -0.018121 158.769 0.02049 0.00205223 0.999788 -0.238314
0.721278 -0.69206 -0.028458 10.2361 0.692246 0.721648 -0.00428469 159.736 0.0235019 -0.0166095 0.999586 -0.20393
0.850086 -0.524927 -0.0424784 11.3857 0.525834 0.850484 0.0132232 160.568 0.029186 -0.0335774 0.99901 -0.15635
0.941072 -0.335299 -0.0442567 12.928 0.336584 0.941307 0.0255414 161.167 0.0330951 -0.0389324 0.998694 -0.0618144
0.97984 -0.195193 -0.0425862 14.3963 0.196651 0.97991 0.0332291 161.539 0.0352445 -0.0409339 0.99854 0.0298007
0.99323 -0.10613 -0.0472212 16.1054 0.108022 0.993363 0.0395039 161.743 0.0427153 -0.0443374 0.998103 0.138299
0.997789 -0.0410942 -0.0522346 17.9051 0.0427676 0.998594 0.0313307 161.849 0.0508737 -0.0334954 0.998143 0.254998
0.998451 -0.00659482 -0.0552474 19.8233 0.00819628 0.999551 0.0288109 161.825 0.0550326 -0.029219 0.998057 0.382429
0.998541 0.00735675 -0.053494 21.8052 -0.00580256 0.999558 0.0291509 161.779 0.0536848 -0.028798 0.998143 0.506239
0.998416 0.0141209 -0.054457 23.8704 -0.0131339 0.999744 0.0184415 161.705 0.0547035 -0.017697 0.998346 0.625393
0.998154 0.0208916 -0.0570249 26.0075 -0.0196626 0.999564 0.022029 161.611 0.0574602 -0.0208671 0.99813 0.743368
0.998383 0.0252087 -0.0509452 28.2379 -0.0240564 0.999444 0.0231065 161.494 0.0514993 -0.0218436 0.998434 0.859877
0.998431 0.0212906 -0.0517927 30.5187 -0.0201386 0.99954 0.0226622 161.379 0.0522514 -0.0215836 0.998401 0.981671
0.99827 0.0065577 -0.0584219 32.8652 -0.00511766 0.99968 0.0247647 161.27 0.0585656 -0.0244229 0.997985 1.1103
0.998216 -0.00425366 -0.0595535 35.2617 0.00541147 0.999799 0.0192937 161.164 0.0594595 -0.0195815 0.998039 1.23812
0.997965 -0.00652684 -0.0634241 37.2292 0.00777079 0.999782 0.0193864 161.084 0.0632837 -0.0198398 0.997798 1.33951
0.998302 -0.00660921 -0.05787 39.2032 0.00815009 0.999617 0.026431 161.005 0.0576732 -0.0268578 0.997974 1.44196
0.99861 -0.00483447 -0.0524794 41.2913 0.00652018 0.999467 0.0319978 160.951 0.0522967 -0.0322956 0.998109 1.56326
0.998865 -0.00062961 -0.047629 43.3796 0.00220399 0.999453 0.0330099 160.898 0.0475822 -0.0330774 0.99832 1.68458
0.999002 0.00204358 -0.0446166 45.5186 -0.000429835 0.999346 0.0361488 160.828 0.0446613 -0.0360936 0.99835 1.80699
0.998833 0.00561857 -0.0479718 47.6986 -0.00361327 0.99912 0.0417866 160.745 0.0481644 -0.0415645 0.997974 1.9303
0.99924 0.0101845 -0.0376142 49.8823 -0.00906889 0.999517 0.029713 160.661 0.0378986 -0.0293493 0.998851 2.05311
0.998944 0.0160407 -0.0430451 52.1401 -0.0144674 0.999225 0.036617 160.556 0.0435991 -0.0359556 0.998402 2.1674
0.99897 0.021672 -0.0398651 54.3974 -0.0202739 0.999176 0.0351481 160.45 0.040594 -0.0343037 0.998587 2.28166
0.999183 0.0266596 -0.0303765 56.6227 -0.025872 0.999326 0.0260324 160.329 0.03105 -0.0252252 0.999199 2.38645
0.998685 0.0297487 -0.0417521 58.8227 -0.0284432 0.999098 0.0315217 160.196 0.0426522 -0.0302927 0.998631 2.48371
0.998429 0.0296453 -0.0475491 61.0147 -0.0283212 0.999199 0.0282837 160.062 0.0483494 -0.0268926 0.998468 2.5808
0.998427 0.026588 -0.0493709 63.0771 -0.0258752 0.999552 0.01502 159.915 0.0497482 -0.0137189 0.998668 2.67479
0.99816 0.0231443 -0.0560367 65.1401 -0.0221294 0.999581 0.0186656 159.768 0.0564452 -0.0173913 0.998254 2.7688
0.99799 0.0219337 -0.0594627 67.216 -0.020501 0.999487 0.024598 159.641 0.0599717 -0.0233295 0.997927 2.85716
0.998349 0.0227667 -0.0527404 69.3028 -0.0221557 0.999681 0.0121424 159.529 0.053 -0.0109539 0.998534 2.94109
0.998031 0.0231351 -0.0582943 71.3894 -0.022567 0.999691 0.0103848 159.419 0.0585166 -0.00904887 0.998245 3.02526
0.997338 0.0244735 -0.0686879 73.4781 -0.0227781 0.999419 0.0253575 159.328 0.0692685 -0.0237254 0.997316 3.11295
0.997702 0.0220716 -0.0640585 75.5667 -0.0203323 0.99941 0.0276777 159.237 0.0646316 -0.0263116 0.997562 3.20064
0.997523 0.0243253 -0.0660046 77.6194 -0.0214648 0.998814 0.043707 159.14 0.0669895 -0.0421819 0.996862 3.2934
0.997846 0.025323 -0.0605102 79.6448 -0.0234058 0.999208 0.0321858 159.038 0.0612773 -0.0307002 0.997649 3.39007
0.998559 0.0245744 -0.0477054 81.6681 -0.0234388 0.999432 0.0242192 158.935 0.0482735 -0.0230661 0.998568 3.48542
0.999024 0.0289731 -0.0333533 83.6682 -0.0279102 0.999101 0.0319049 158.819 0.0342477 -0.0309428 0.998934 3.56276
0.998558 0.032251 -0.0429073 85.6685 -0.0309782 0.99907 0.0300046 158.702 0.043835 -0.0286322 0.998628 3.6401
0.998977 0.0321501 -0.0317957 87.6263 -0.0313441 0.999183 0.02553 158.591 0.0325905 -0.0245073 0.999168 3.70481
0.99889 0.0333579 -0.0332569 89.5522 -0.0324798 0.999118 0.0266018 158.484 0.034115 -0.0254921 0.999093 3.76007
0.998489 0.0373125 -0.0403504 91.4808 -0.0363595 0.999048 0.0241001 158.375 0.0412113 -0.0225965 0.998895 3.81726
0.998152 0.0397635 -0.0459599 93.4458 -0.0383623 0.998784 0.0309777 158.241 0.0471358 -0.0291573 0.998463 3.89819
0.998219 0.0402517 -0.0440332 95.4101 -0.039566 0.999083 0.0163339 158.106 0.0446503 -0.0145626 0.998897 3.97909
0.998154 0.0397041 -0.0459515 97.3683 -0.0386685 0.998982 0.0232107 157.98 0.0468263 -0.021391 0.998674 4.05296
0.998269 0.0377717 -0.045089 99.3229 -0.0370047 0.999158 0.0177245 157.859 0.0457205 -0.0160253 0.998826 4.1217
0.998207 0.0346142 -0.0488311 101.272 -0.0334777 0.999154 0.0239031 157.738 0.0496172 -0.0222255 0.998521 4.19324
0.997906 0.0334174 -0.0553879 103.163 -0.0318761 0.999086 0.0284821 157.613 0.0562891 -0.0266569 0.998059 4.29703
0.997629 0.0324216 -0.0607095 105.054 -0.0308525 0.99917 0.0266086 157.487 0.0615217 -0.0246724 0.997801 4.40083
0.997539 0.0274254 -0.0645249 106.891 -0.0259597 0.999388 0.0234448 157.375 0.0651284 -0.0217121 0.997641 4.49725
0.998101 0.0190676 -0.0585742 109.138 -0.0176738 0.99955 0.0242217 157.247 0.0590097 -0.0231405 0.997989 4.61103
0.998552 0.0144982 -0.0517979 111.328 -0.0135955 0.99975 0.0177366 157.137 0.0520421 -0.0170068 0.9985 4.72629
0.998437 0.0104537 -0.0549023 113.453 -0.00948498 0.999795 0.017876 157.046 0.055078 -0.0173273 0.998332 4.84322
0.998588 0.0075024 -0.0525876 115.529 -0.00620634 0.999674 0.0247657 156.972 0.0527563 -0.0244044 0.998309 4.94938
0.998778 0.00563151 -0.0490967 117.551 -0.00460973 0.999771 0.0208999 156.915 0.0492031 -0.0206481 0.998575 5.04326
0.998637 0.00196765 -0.0521567 119.882 -0.000952142 0.99981 0.0194881 156.846 0.0521851 -0.0194118 0.998449 5.15359
0.998663 -0.00455591 -0.0514897 122.137 0.00600543 0.999589 0.0280321 156.775 0.0513408 -0.0283039 0.99828 5.26207
0.998924 -0.0050761 -0.046101 124.184 0.00609494 0.99974 0.0219865 156.709 0.0459774 -0.0222438 0.998695 5.368
0.998932 0.0161155 -0.0433005 126.146 -0.0155228 0.999782 0.0139901 156.624 0.0435165 -0.013303 0.998964 5.46627
0.995632 0.0817117 -0.0451744 127.911 -0.0809319 0.996542 0.018833 156.474 0.0465571 -0.0150947 0.998802 5.53968
0.978696 0.202542 -0.0336218 129.764 -0.202075 0.979226 0.0167834 156.138 0.0363226 -0.00963171 0.999294 5.53054
0.933123 0.358561 -0.0267452 131.426 -0.358198 0.933482 0.0174694 155.639 0.03123 -0.00672097 0.99949 5.48244
0.841263 0.539993 -0.0261702 132.815 -0.539671 0.841668 0.0186966 154.867 0.0321226 -0.00160544 0.999483 5.50804
0.695681 0.718056 -0.0205706 134.023 -0.71709 0.695871 0.0393121 153.737 0.0425428 -0.0125977 0.999015 5.56973
0.539276 0.842116 -0.00476487 134.964 -0.84121 0.538943 0.0436523 152.477 0.0393283 -0.0195324 0.999035 5.64096
0.374875 0.927065 0.00438125 135.664 -0.926682 0.374574 0.0308892 151.103 0.0269952 -0.0156396 0.999513 5.70593
0.207668 0.978138 0.0109661 136.113 -0.978059 0.207435 0.0192467 149.584 0.0165512 -0.0147225 0.999755 5.7531
0.0852545 0.996065 0.0241877 136.27 -0.996254 0.0848679 0.0165877 147.866 0.0144697 -0.0255112 0.99957 5.78786
0.0185034 0.999565 0.0229787 136.326 -0.999797 0.0183153 0.00836628 145.977 0.00794177 -0.0231288 0.999701 5.82983
0.00074333 0.999561 0.0296217 136.338 -0.999915 0.000356317 0.0130684 143.91 0.0130521 -0.0296289 0.999476 5.86447
-0.00249529 0.999568 0.0292828 136.328 -0.999985 -0.00263405 0.00470053 141.895 0.00477563 -0.0292707 0.99956 5.89294
-0.00667357 0.999566 0.0286954 136.295 -0.999973 -0.00675774 0.00283962 139.808 0.00303231 -0.0286757 0.999584 5.93236
-0.0169902 0.999491 0.0270006 136.227 -0.999813 -0.0172322 0.00875526 137.559 0.00921608 -0.0268468 0.999597 5.97127
-0.0299057 0.999197 0.0266761 136.147 -0.999539 -0.030035 0.00445901 135.586 0.00525664 -0.0265304 0.999634 6.00337
-0.0341252 0.99906 0.0267218 136.048 -0.999415 -0.0341773 0.00149376 133.596 0.00240564 -0.0266552 0.999642 6.03314
-0.0365015 0.999036 0.0243739 135.94 -0.999328 -0.0365745 0.00255426 131.599 0.00344326 -0.0242643 0.9997 6.06188
-0.038602 0.99868 0.0338828 135.817 -0.999235 -0.0387899 0.00490577 129.504 0.00621361 -0.0336675 0.999414 6.10049
-0.0420921 0.998741 0.0272883 135.688 -0.999093 -0.0422522 0.00531637 127.366 0.00646268 -0.0270397 0.999613 6.14347
-0.0482442 0.998387 0.0299189 135.543 -0.998834 -0.048274 0.00027304 125.166 0.00171691 -0.0298709 0.999552 6.17655
-0.0590501 0.997599 0.0361883 135.392 -0.998255 -0.0590082 -0.00222451 122.939 -8.37632e-05 -0.0362565 0.999343 6.2053
-0.0635164 0.997425 0.0332879 135.194 -0.997977 -0.0633949 -0.00469309 120.608 -0.00257072 -0.0335186 0.999435 6.24996
-0.0734774 0.996901 0.0280909 134.975 -0.997295 -0.0735027 -0.000133068 118.23 0.00193211 -0.0280247 0.999605 6.30156
-0.0747507 0.996635 0.0336397 134.763 -0.997199 -0.0747917 -3.80594e-05 115.889 0.00247804 -0.0335483 0.999434 6.34686
-0.0747031 0.996867 0.0259786 134.594 -0.997196 -0.0747939 0.00254204 114.029 0.00447712 -0.0257159 0.999659 6.38094
-0.0711179 0.997161 0.0247267 134.414 -0.997464 -0.0711675 0.00113315 111.782 0.00288966 -0.0245834 0.999694 6.37647
-0.0684551 0.997406 0.0222424 134.265 -0.997639 -0.0685586 0.00392209 109.612 0.00543682 -0.0219214 0.999745 6.3252
-0.0623946 0.997829 0.0210518 134.114 -0.998016 -0.0625553 0.00706033 107.533 0.0083619 -0.0205695 0.999753 6.30982
-0.042465 0.998858 0.0218758 133.93 -0.999083 -0.0425754 0.00460758 105.146 0.00553369 -0.02166 0.99975 6.33398
-0.0224789 0.9995 0.0222439 133.823 -0.999742 -0.0225456 0.0027459 102.917 0.00324603 -0.0221765 0.999749 6.34278
-0.0134381 0.999651 0.0227456 133.743 -0.999907 -0.0134901 0.00213282 100.723 0.00243892 -0.0227148 0.999739 6.34772
-0.0120472 0.999637 0.0241075 133.698 -0.999916 -0.0121603 0.00454885 98.7582 0.00484035 -0.0240506 0.999699 6.36171
-0.0106053 0.999669 0.0234388 133.659 -0.999941 -0.0106574 0.00209763 96.7583 0.00234674 -0.0234152 0.999723 6.36913
-0.00994289 0.999638 0.0250151 133.669 -0.99995 -0.00991559 -0.00121488 94.4664 -0.000966395 -0.0250259 0.999686 6.32145
-0.0109274 0.999682 0.0227267 133.677 -0.999935 -0.0108523 -0.00342697 92.1619 -0.00317924 -0.0227626 0.999736 6.27614
-0.0137362 0.999585 0.0253225 133.67 -0.999902 -0.013661 -0.00313842 90.2385 -0.00279119 -0.0253631 0.999674 6.25537
-0.0184677 0.999567 0.0228851 133.66 -0.999828 -0.0184219 -0.00221131 87.834 -0.00178876 -0.022922 0.999736 6.22939
-0.0265583 0.999306 0.0261078 133.583 -0.999622 -0.026361 -0.00787397 85.5162 -0.00718028 -0.026307 0.999628 6.25564
-0.0398579 0.99892 0.0238819 133.498 -0.999163 -0.0396243 -0.0101743 83.2074 -0.00921702 -0.0242674 0.999663 6.28698
-0.0511525 0.998378 0.0249863 133.363 -0.998669 -0.0509694 -0.00791002 80.9314 -0.00662365 -0.0253577 0.999656 6.31605
-0.0613801 0.997865 0.0222886 133.224 -0.998095 -0.061224 -0.00762654 78.6585 -0.00624566 -0.0227143 0.999722 6.3449
-0.0717329 0.997288 0.0164583 133.008 -0.997399 -0.071605 -0.00823732 76.3798 -0.00703648 -0.0170064 0.999831 6.32998
-0.0814577 0.996581 0.013794 132.786 -0.996668 -0.0813913 -0.00530806 74.1014 -0.0041672 -0.0141804 0.999891 6.31094
-0.0918335 0.995675 0.01405 132.575 -0.995757 -0.0917391 -0.00722353 71.7458 -0.00590336 -0.0146537 0.999875 6.26508
-0.0933772 0.995574 0.0106737 132.407 -0.99561 -0.0933014 -0.00740019 69.8557 -0.00637156 -0.0113179 0.999916 6.2264
-0.0840974 0.996397 0.0110202 132.289 -0.996454 -0.084064 -0.00345431 67.9294 -0.00251546 -0.0112716 0.999933 6.17207
-0.0629934 0.997985 0.00759758 132.199 -0.998013 -0.0629997 0.000594147 65.9832 0.0010716 -0.00754506 0.999971 6.10915
-0.0383097 0.999258 0.00401981 132.109 -0.999266 -0.0383077 -0.000563322 64.0299 -0.000408915 -0.00403844 0.999992 6.05171
-0.0192498 0.999791 0.00689039 132.026 -0.999815 -0.019245 -0.000754466 62.035 -0.000621702 -0.00690363 0.999976 6.02592
-0.0119783 0.999871 0.010683 131.942 -0.99992 -0.0120212 0.00395785 60.0396 0.00408576 -0.0106347 0.999935 6.00011
-0.0124515 0.999894 0.00756284 131.877 -0.999919 -0.0124713 0.00258891 58.012 0.00268295 -0.00752999 0.999968 5.96793
-0.0145935 0.999815 0.0125523 131.822 -0.999893 -0.0145817 -0.00103419 55.967 -0.000850965 -0.012566 0.999921 5.93236
-0.017065 0.99977 0.0129769 131.767 -0.999839 -0.016991 -0.00578855 53.9097 -0.00556673 -0.0130736 0.999899 5.9042
-0.0110708 0.99988 0.0108294 131.707 -0.99993 -0.0110253 -0.0042523 51.7824 -0.00413239 -0.0108757 0.999932 5.91707
-0.0127277 0.999879 0.0089076 131.648 -0.999913 -0.0126957 -0.00364549 49.655 -0.00353196 -0.00895322 0.999954 5.92994
-0.0173924 0.999767 0.0127684 131.577 -0.99975 -0.0172101 -0.0142505 47.4984 -0.0140275 -0.0130131 0.999817 5.93022
-0.0246843 0.999605 0.0134557 131.5 -0.999671 -0.0245882 -0.00726093 45.3263 -0.00692721 -0.0136305 0.999883 5.92386
-0.029546 0.999493 0.0118654 131.42 -0.999563 -0.0295385 -0.000801255 43.1463 -0.000450361 -0.0118839 0.999929 5.91921
-0.0321714 0.999435 0.00975812 131.32 -0.999482 -0.0321649 -0.000815904 40.924 -0.000501573 -0.00977931 0.999952 5.92368
-0.0361791 0.999332 0.00521868 131.219 -0.999332 -0.0361508 -0.0054203 38.7014 -0.00522801 -0.0054113 0.999972 5.92816
-0.0380803 0.999264 0.00462622 131.119 -0.999274 -0.0380764 -0.000925297 36.4464 -0.000748465 -0.0046581 0.999989 5.92315
-0.0391331 0.999063 0.0184703 131.019 -0.999234 -0.0391394 -1.3696e-05 34.1748 0.000709232 -0.0184566 0.999829 5.91327
-0.040092 0.999089 0.0146113 130.918 -0.999187 -0.0400238 -0.00493303 31.8953 -0.00434374 -0.0147971 0.999881 5.90691
-0.0413038 0.999058 0.0133154 130.814 -0.999146 -0.0413114 0.000306298 29.576 0.00085609 -0.0132914 0.999911 5.91867
-0.0417235 0.999094 0.00841565 130.709 -0.999129 -0.0417224 -0.000307753 27.2566 4.36488e-05 -0.00842117 0.999965 5.93043
-0.0458953 0.998778 0.0183035 130.565 -0.998946 -0.0458719 -0.00170129 24.8435 -0.000859596 -0.0183623 0.999831 5.93118
-0.0560892 0.998254 0.0185208 130.402 -0.998422 -0.0560311 -0.00363812 22.3833 -0.00259403 -0.0186956 0.999822 5.92636
-0.0679184 0.997605 0.0131202 130.28 -0.997676 -0.0679836 0.00458734 20.5383 0.00546831 -0.0127781 0.999903 5.92274
-0.0808294 0.99672 0.00398503 130.082 -0.996631 -0.0808766 0.0135986 18.6101 0.0138763 -0.00287243 0.9999 5.92072
-0.0944629 0.995523 -0.00328018 129.875 -0.995406 -0.0943991 0.0159826 16.6714 0.0156014 0.00477487 0.999867 5.9189
-0.106649 0.99429 -0.00357836 129.669 -0.993865 -0.106496 0.0298303 14.7329 0.0292789 0.00673777 0.999549 5.91707
-0.119754 0.992799 -0.00296625 129.45 -0.992276 -0.119593 0.0329566 12.7772 0.0323645 0.00689003 0.999452 5.8735
-0.128782 0.991648 -0.00704857 129.221 -0.990596 -0.128308 0.0475107 10.8079 0.0462095 0.0131008 0.998846 5.79704
-0.13287 0.99107 -0.0111747 128.992 -0.990181 -0.13224 0.0453317 8.83761 0.0434492 0.0170882 0.998909 5.72054
-0.136961 0.990501 -0.0122262 128.756 -0.989759 -0.136336 0.0422997 6.88141 0.040231 0.0178944 0.99903 5.65608
-0.135741 0.990721 -0.00681387 128.495 -0.989646 -0.135263 0.0480076 4.96813 0.0466404 0.0132599 0.998824 5.63188
-0.12901 0.991595 -0.0097968 128.235 -0.99079 -0.128483 0.0427478 3.05481 0.0411298 0.0152215 0.999038 5.60768
-0.118263 0.992902 -0.0126176 127.974 -0.991947 -0.11755 0.0471557 1.14167 0.0453378 0.0180928 0.998808 5.58349
-0.10459 0.994506 -0.00419973 127.771 -0.993572 -0.104306 0.043982 -0.720843 0.0433023 0.00877283 0.999023 5.58061
-0.0921066 0.995721 -0.00750149 127.575 -0.994963 -0.091732 0.0404211 -2.57729 0.03956 0.0111868 0.999155 5.58018
-0.0794622 0.996796 -0.00915568 127.379 -0.995824 -0.0789638 0.0458234 -4.43417 0.0449536 0.0127587 0.998908 5.57976
-0.0702271 0.997431 -0.0141193 127.172 -0.996542 -0.0695202 0.0455145 -6.77166 0.044416 0.0172669 0.998864 5.56477
-0.0702798 0.997422 -0.01448 126.991 -0.996648 -0.0696013 0.0429858 -9.04294 0.0418672 0.0174525 0.998971 5.54283
-0.0724534 0.9972 -0.018523 126.82 -0.996402 -0.0715518 0.0454124 -11.1725 0.0439599 0.0217467 0.998797 5.52456
-0.0750074 0.997086 -0.0139378 126.663 -0.996025 -0.0742397 0.0492135 -13.0203 0.0480353 0.0175738 0.998691 5.52279
-0.0888581 0.996039 0.00316287 126.447 -0.995249 -0.0889137 0.0396786 -15.1863 0.0398027 0.000377931 0.999207 5.51391
-0.23008 0.973162 0.00443604 126.048 -0.972514 -0.230089 0.0357013 -17.1808 0.0357638 0.00390003 0.999353 5.49428
-0.518851 0.854722 0.0156426 125.336 -0.854358 -0.519086 0.0249369 -18.5391 0.0294339 -0.00042588 0.999567 5.45434
-0.796893 0.603583 0.0254582 124.248 -0.60269 -0.797198 0.0352082 -19.5152 0.0415463 0.0127138 0.999056 5.27088
-0.952275 0.301599 0.047019 122.4 -0.300186 -0.953244 0.0348438 -20.1015 0.0553294 0.0190664 0.998286 5.0458
-0.995361 0.0938378 0.0212401 120.405 -0.0932741 -0.995298 0.0261341 -20.3685 0.0235925 0.0240317 0.999433 4.85865
-0.998771 0.0474109 0.0144734 118.433 -0.0470147 -0.998541 0.0265834 -20.4808 0.0157126 0.0258702 0.999542 4.72185
-0.999076 0.0374701 0.0210252 116.105 -0.0366855 -0.998659 0.0365354 -20.4514 0.022366 0.0357303 0.999111 4.71914
-0.999216 0.035148 0.0182036 113.714 -0.0343748 -0.998561 0.0411726 -20.4059 0.0196245 0.0405146 0.998986 4.71321
-0.999258 0.0368298 0.0112282 111.526 -0.0364895 -0.998909 0.0291405 -20.2976 0.0122892 0.0287092 0.999512 4.69408
-0.999182 0.0402867 0.00366033 109.338 -0.0401599 -0.998748 0.0298352 -20.1894 0.00485771 0.0296638 0.999548 4.67494
-0.998901 0.0464996 0.00578406 106.909 -0.0462644 -0.998291 0.0357072 -20.0693 0.00743454 0.0354004 0.999346 4.62802
-0.998491 0.0544043 0.00752838 104.375 -0.0541151 -0.997942 0.0343927 -19.9439 0.00938399 0.0339333 0.99938 4.56881
-0.998261 0.0588506 0.00327259 102.474 -0.0586742 -0.997483 0.0398172 -19.8499 0.00560761 0.0395559 0.999202 4.52441
-0.998063 0.0613203 0.0105379 100.41 -0.0608581 -0.997358 0.0396744 -19.7548 0.0129429 0.0389563 0.999157 4.46373
-0.998097 0.0607856 0.0103993 98.3346 -0.0603063 -0.997319 0.0414537 -19.6596 0.0128912 0.0407476 0.999086 4.40182
-0.997962 0.0616282 0.0165765 96.259 -0.0610066 -0.997499 0.0357052 -19.5645 0.0187355 0.0346211 0.999225 4.33991
-0.998037 0.0624977 0.00389208 94.0873 -0.062232 -0.996853 0.0491129 -19.467 0.00694928 0.0487743 0.998786 4.28785
-0.997965 0.0635458 0.0053872 91.8514 -0.0632662 -0.99712 0.0418329 -19.3681 0.00802999 0.041407 0.99911 4.24248
-0.997929 0.0639844 0.00656279 89.6151 -0.0636717 -0.997165 0.040097 -19.269 0.00910977 0.0395961 0.999174 4.1971
-0.997879 0.0647611 0.00654636 87.3516 -0.0644692 -0.997203 0.0378099 -19.1622 0.00897666 0.0373077 0.999264 4.14259
-0.997908 0.0645499 0.00368597 85.0129 -0.064363 -0.997197 0.0381539 -19.0339 0.00613847 0.0378368 0.999265 4.06291
-0.997896 0.0646851 0.00432421 82.6743 -0.0644806 -0.997226 0.0371706 -18.9056 0.0067166 0.0368135 0.9993 3.98324
-0.997708 0.0671049 0.00864986 80.3353 -0.0667355 -0.997062 0.0375938 -18.7772 0.0111472 0.0369304 0.999256 3.90356
-0.997658 0.0671194 0.0131681 77.9299 -0.0665054 -0.996879 0.0425474 -18.6612 0.0159827 0.041572 0.999008 3.81097
-0.997736 0.0664383 0.0104752 75.5191 -0.0659387 -0.996922 0.0424187 -18.5459 0.0132612 0.041632 0.999045 3.71749
-0.997795 0.0656393 0.00978743 73.1087 -0.0651817 -0.997014 0.0414099 -18.4307 0.0124763 0.0406806 0.999094 3.62402
-0.997807 0.0659462 0.00557177 70.6194 -0.0656368 -0.996863 0.0442208 -18.3139 0.00847049 0.0437582 0.999006 3.51675
-0.997794 0.0658916 0.00813386 68.0793 -0.0655426 -0.997143 0.0375417 -18.1961 0.0105843 0.0369258 0.999262 3.40046
-0.99773 0.0669762 0.00692999 65.5393 -0.0666467 -0.996971 0.0400943 -18.0782 0.00959436 0.0395414 0.999172 3.28419
-0.997613 0.067678 0.013699 62.9698 -0.0672091 -0.997219 0.0321994 -17.9623 0.0158401 0.0312019 0.999388 3.17169
-0.997607 0.068362 0.0103375 60.3251 -0.0680139 -0.997205 0.0309354 -17.8513 0.0124234 0.0301583 0.999468 3.0691
-0.997608 0.0687781 0.00686702 57.6805 -0.0684473 -0.996839 0.0403478 -17.7402 0.00962036 0.0397813 0.999162 2.96652
-0.997478 0.0701035 0.0110816 55.0364 -0.069587 -0.996708 0.041615 -17.6292 0.0139624 0.0407389 0.999072 2.86395
-0.997566 0.0695573 0.00499148 53.2325 -0.0692341 -0.996417 0.048574 -17.5539 0.00835226 0.0481101 0.998807 2.78072
-0.997468 0.0706864 0.00789099 50.5231 -0.0703434 -0.996817 0.0375299 -17.4409 0.0105187 0.0368798 0.999264 2.65407
-0.997565 0.0696793 0.00293663 47.8133 -0.0695409 -0.997007 0.0337857 -17.3279 0.00528201 0.0334993 0.999425 2.52741
-0.997645 0.0684644 0.00405097 45.1053 -0.0683164 -0.997229 0.0294323 -17.2133 0.00605481 0.0290863 0.999559 2.39974
-0.997759 0.0668955 0.00134671 42.4022 -0.0668255 -0.997316 0.029909 -17.0943 0.00334387 0.029752 0.999552 2.26956
-0.997889 0.0649286 0.000883242 39.6991 -0.0648689 -0.997399 0.031421 -16.9754 0.00292107 0.0312974 0.999506 2.13938
-0.998012 0.0621697 0.0103047 36.9961 -0.0619158 -0.997808 0.0233596 -16.8564 0.0117343 0.0226752 0.999674 2.0092
-0.998151 0.0586464 0.0159589 34.411 -0.0581817 -0.997908 0.0281686 -16.71 0.0175775 0.027188 0.999476 1.92084
-0.998296 0.0552638 0.0187269 31.8315 -0.0547121 -0.998087 0.0287957 -16.5623 0.0202824 0.0277221 0.99941 1.83446
-0.998471 0.052684 0.0167163 29.2519 -0.0521288 -0.998125 0.0320697 -16.4146 0.0183746 0.0311493 0.999346 1.74808
-0.998602 0.0499415 0.0173332 26.7878 -0.0492791 -0.998109 0.0367407 -16.2648 0.0191353 0.0358351 0.999174 1.65715
-0.998669 0.048892 0.0164453 24.3926 -0.0483267 -0.998281 0.0331754 -16.1137 0.018039 0.0323365 0.999314 1.56343
-0.99883 0.0473557 0.00978185 21.9982 -0.046989 -0.998288 0.0348227 -15.9627 0.0114142 0.0343223 0.999346 1.46974
-0.998629 0.0501676 0.0149485 19.6799 -0.0496598 -0.998234 0.032598 -15.819 0.0165575 0.031811 0.999357 1.37777
-0.998483 0.0542239 0.00954665 17.5501 -0.0538494 -0.997904 0.0358787 -15.6933 0.0114721 0.0353102 0.999311 1.29013
-0.998286 0.0577847 0.00924237 15.4202 -0.0573948 -0.997628 0.0380001 -15.5675 0.0114163 0.0374045 0.999235 1.20248
-0.998147 0.0602648 0.00842413 13.2901 -0.059941 -0.997605 0.0344979 -15.4418 0.010483 0.0339291 0.999369 1.11483
-0.997998 0.0628604 0.00692246 11.5493 -0.0625597 -0.997341 0.0373818 -15.3049 0.00925389 0.0368739 0.999277 0.988735
-0.998043 0.0621187 0.0071256 9.24837 -0.0618263 -0.997446 0.0357466 -15.1217 0.00932793 0.0352361 0.999335 0.818562
-0.999351 0.035932 0.0025841 7.10667 -0.0358222 -0.998767 0.0343543 -14.9119 0.00381533 0.0342394 0.999406 0.656862
-0.999711 -0.023975 0.00193925 5.52853 0.024024 -0.999221 0.0313119 -14.6075 0.00118704 0.0313495 0.999508 0.525103
-0.989686 -0.143087 0.00687839 3.55582 0.143222 -0.98933 0.0267298 -14.2269 0.0029803 0.0274392 0.999619 0.360401
-0.950997 -0.309198 -0.00124717 2.11963 0.309132 -0.950864 0.017151 -13.5773 -0.00648894 0.015925 0.999852 0.312546
-0.87292 -0.487864 -0.000449593 0.696285 0.487705 -0.872657 0.0247619 -12.9213 -0.0124728 0.0213959 0.999693 0.267472
-0.748565 -0.662963 -0.0114072 -0.349911 0.662542 -0.748549 0.0266903 -11.8359 -0.0262336 0.0124217 0.999579 0.24346
-0.545581 -0.837909 -0.0158069 -1.46984 0.837731 -0.545798 0.0176285 -10.4929 -0.0233984 -0.00362418 0.99972 0.221295
-0.30333 -0.952777 -0.0143972 -1.88077 0.952832 -0.303438 0.00598909 -8.97796 -0.0100749 -0.0119014 0.999878 0.233598
0.00464427 -0.99967 -0.0252552 -1.93192 0.999849 0.00506544 -0.0166378 -6.76447 0.0167602 -0.0251741 0.999543 0.292456
0.0978453 -0.994925 -0.0234706 -1.62492 0.994936 0.0983372 -0.0208102 -4.83916 0.0230126 -0.0213155 0.999508 0.324725
0.0702063 -0.997343 -0.0194334 -1.22194 0.997072 0.0707523 -0.029002 -2.91718 0.0302999 -0.0173403 0.99939 0.316753
-0.00198984 -0.99993 -0.0116567 -0.922282 0.999028 -0.00147438 -0.0440631 -1.0141 0.0440428 -0.011733 0.998961 0.281225
-0.0868976 -0.996197 -0.0063858 -0.632474 0.99509 -0.0864928 -0.0481077 0.970798 0.0473724 -0.0105349 0.998822 0.237848
-0.164369 -0.986398 0.001347 -0.6489 0.984978 -0.164205 -0.0534356 3.17676 0.0529299 -0.00745639 0.99857 0.344081
-0.209298 -0.977852 0.000553831 -0.727553 0.976205 -0.208979 -0.0578871 4.98867 0.0567207 -0.011575 0.998323 0.461066
-0.225767 -0.974158 0.00669258 -0.854473 0.972614 -0.225788 -0.0551442 6.90272 0.0552303 -0.00594047 0.998456 0.597778
-0.230132 -0.973122 0.00851506 -1.03161 0.971846 -0.230267 -0.0499201 8.92321 0.0505391 -0.00321289 0.998717 0.755024
-0.228066 -0.973482 0.0178293 -1.2087 0.972469 -0.228652 -0.0449627 10.9431 0.0478471 0.00708394 0.99883 0.912219
-0.205557 -0.97848 0.0179779 -1.317 0.977401 -0.206187 -0.0466207 13.0348 0.0493242 0.00798843 0.998751 0.994414
-0.173263 -0.984779 0.0137915 -1.4245 0.983897 -0.173698 -0.042142 15.1275 0.0438961 0.00626782 0.999016 1.07574
-0.139788 -0.990089 0.0135557 -1.42705 0.989213 -0.140243 -0.0422964 17.2622 0.0437783 0.00749697 0.999013 1.10714
-0.107236 -0.994131 0.0143118 -1.32087 0.993316 -0.107744 -0.0414042 19.4395 0.0427032 0.00977612 0.99904 1.08681
-0.0811172 -0.996621 0.0129052 -1.2147 0.995853 -0.0815761 -0.0402697 21.6167 0.0411864 0.00958514 0.999106 1.06648
-0.0676779 -0.997673 0.00829358 -1.03237 0.996829 -0.0679647 -0.0413922 23.8366 0.0418595 0.00546594 0.999109 1.07778
-0.0630656 -0.997881 0.0159813 -0.849591 0.997001 -0.0637136 -0.0439361 26.0569 0.0448612 0.0131625 0.998906 1.08926
-0.0625794 -0.997942 0.0139685 -0.648142 0.997046 -0.0631354 -0.0437336 28.3068 0.0445256 0.0111904 0.998946 1.08938
-0.0654566 -0.99777 0.0130305 -0.427724 0.996956 -0.0659463 -0.0415934 30.5867 0.04236 0.0102683 0.99905 1.07794
-0.0703299 -0.997507 0.00580492 -0.207293 0.996804 -0.0704989 -0.0375581 32.8667 0.0378737 0.00314491 0.999278 1.0665
-0.0771351 -0.99686 0.017889 -0.0252543 0.996507 -0.0776589 -0.0307195 35.2164 0.0320123 0.0154569 0.999368 1.07264
-0.0857321 -0.996313 0.00335319 0.156755 0.995848 -0.0857946 -0.0304299 37.5661 0.0306053 0.000730456 0.999531 1.0788
-0.0915996 -0.995752 0.00939001 0.324765 0.995426 -0.0918186 -0.0263949 39.9509 0.027145 0.00692929 0.999608 1.06837
-0.0988834 -0.995068 0.0078104 0.478832 0.994443 -0.0991001 -0.0355198 42.37 0.0361186 0.00425468 0.999338 1.04148
-0.106073 -0.994336 0.00670353 0.63283 0.993648 -0.106249 -0.0370792 44.7894 0.0375814 0.00272786 0.99929 1.01451
-0.113854 -0.993472 0.00707223 0.74587 0.992921 -0.114028 -0.0332424 47.1934 0.0338319 0.00323738 0.999422 0.95403
-0.117771 -0.992998 0.00916131 0.858926 0.992553 -0.117997 -0.0302369 49.5978 0.0311062 0.00553208 0.999501 0.893544
-0.121604 -0.992499 0.0125663 0.952389 0.99205 -0.121942 -0.0310768 51.949 0.0323761 0.00868731 0.999438 0.877967
-0.12286 -0.992356 0.0115789 1.02675 0.991874 -0.123172 -0.0318527 54.2484 0.0330355 0.00757135 0.999426 0.906201
-0.124688 -0.992158 0.00866015 1.10101 0.99162 -0.124908 -0.0329912 56.547 0.0338143 0.00447397 0.999418 0.934344
-0.125458 -0.992082 0.00575376 1.15861 0.991635 -0.125574 -0.0298641 58.7394 0.0303502 0.00195894 0.999537 0.945665
-0.124374 -0.992215 0.00640132 1.2162 0.99188 -0.124499 -0.0259599 60.9314 0.0265547 0.00312062 0.999642 0.956983
-0.124689 -0.99219 0.00326182 1.27489 0.99177 -0.124731 -0.0288709 63.0501 0.0290523 -0.00036491 0.999578 0.998899
-0.123742 -0.99231 -0.0030472 1.3346 0.992136 -0.123661 -0.0193228 65.0957 0.0187974 -0.00541428 0.999809 1.07047
-0.109371 -0.993973 -0.00748337 1.39521 0.993933 -0.109272 -0.012505 67.1406 0.0116119 -0.00880565 0.999894 1.14149
-0.083629 -0.996497 -0.000127711 1.54158 0.996363 -0.0836157 -0.0164251 69.0744 0.0163569 -0.00150086 0.999865 1.15987
-0.060088 -0.998193 0.000146748 1.68797 0.998039 -0.0600814 -0.0175631 71.0086 0.0175402 -0.000908874 0.999846 1.17825
-0.0458108 -0.998947 0.00243816 1.8728 0.998717 -0.0458528 -0.0215118 72.9692 0.0216009 0.00144955 0.999766 1.1448
-0.0373998 -0.999292 0.00411501 2.09393 0.998968 -0.0374933 -0.0256505 74.9558 0.0257867 0.00315144 0.999663 1.06253
-0.0335133 -0.999408 0.00774169 2.3154 0.998978 -0.0337318 -0.0300638 76.9437 0.0303072 0.00672624 0.999518 0.982057
-0.0373957 -0.999072 0.0213627 2.56011 0.998856 -0.0380077 -0.0290009 79.0358 0.0297859 0.0202538 0.999351 1.01628
-0.0389363 -0.998943 0.0244206 2.80484 0.998603 -0.0397737 -0.0347975 81.1281 0.0357321 0.0230316 0.999096 1.05051
-0.0414426 -0.998919 0.0210787 3.04985 0.998172 -0.0423223 -0.0431515 83.2729 0.0439969 0.0192519 0.998846 1.07914
-0.0451988 -0.998841 0.0165628 3.29516 0.998205 -0.0458097 -0.0385769 85.467 0.0392909 0.0147894 0.999118 1.10256
-0.0545655 -0.99837 0.0167298 3.53949 0.997781 -0.0551583 -0.0372876 87.6628 0.0381496 0.0146581 0.999165 1.12612
-0.0631417 -0.997844 0.0179208 3.73418 0.997293 -0.0637646 -0.0366279 89.9576 0.0376916 0.0155595 0.999168 1.15744
-0.0720758 -0.997208 0.0195445 3.9289 0.996667 -0.07276 -0.0368961 92.2528 0.0382151 0.01682 0.999128 1.18876
-0.0814544 -0.996425 0.0224035 4.1064 0.996135 -0.0821304 -0.0311245 94.5958 0.0328533 0.0197817 0.999264 1.1903
-0.0888288 -0.995632 0.0287394 4.26813 0.995678 -0.0895439 -0.0246323 96.9832 0.0270981 0.0264271 0.999283 1.16451
-0.0970434 -0.995093 0.0192876 4.42918 0.994664 -0.0976466 -0.0332812 99.3732 0.0350013 0.015955 0.99926 1.138
-0.101998 -0.994394 0.027876 4.5292 0.994262 -0.102813 -0.02953 101.245 0.0322304 0.024704 0.999175 1.09608
-0.106017 -0.994105 0.0227252 4.66254 0.993906 -0.106635 -0.0279249 103.742 0.0301836 0.0196261 0.999352 1.04019
-0.10779 -0.993885 0.0239712 4.76198 0.993679 -0.108465 -0.0289301 105.616 0.0313532 0.0207013 0.999294 1.00001
-0.109622 -0.993641 0.0256863 4.84619 0.993487 -0.11034 -0.0284282 107.579 0.0310817 0.0224027 0.999266 1.00765
-0.107752 -0.993965 0.0205621 4.93041 0.993691 -0.108323 -0.0290402 109.542 0.0310923 0.0173033 0.999367 1.0153
-0.10464 -0.994235 0.0234139 5.01462 0.993964 -0.105333 -0.0306542 111.504 0.0329438 0.020065 0.999256 1.02295
-0.100652 -0.994743 0.0188297 5.10819 0.994149 -0.101302 -0.037491 113.502 0.0392014 0.014946 0.99912 1.01101
-0.0968323 -0.995125 0.0187041 5.20564 0.994656 -0.0974288 -0.0341666 115.516 0.0358224 0.0152957 0.999241 0.991011
-0.095522 -0.995134 0.0241432 5.30305 0.994915 -0.0962231 -0.0297664 117.528 0.0319447 0.021177 0.999265 0.971021
-0.0959573 -0.99501 0.0273387 5.40375 0.994913 -0.0967214 -0.0281514 119.557 0.0306552 0.0244984 0.99923 0.951716
-0.0957397 -0.99513 0.0234664 5.54532 0.994767 -0.0964967 -0.0335793 122.299 0.0356802 0.0201287 0.999161 0.927501
-0.0962372 -0.995097 0.0228191 5.65151 0.994603 -0.0970317 -0.0367256 124.355 0.0387597 0.0191616 0.999065 0.909336
-0.0952573 -0.994735 0.0377785 5.75618 0.994858 -0.0964431 -0.0309127 126.4 0.0343934 0.0346396 0.998808 0.894953
-0.0939827 -0.99521 0.0269088 5.85831 0.99469 -0.0950036 -0.0395708 128.426 0.0419377 0.023047 0.998854 0.886853
-0.0934469 -0.995153 0.0306143 5.96043 0.994719 -0.0946285 -0.039735 130.452 0.0424394 0.0267395 0.998741 0.878754
-0.09246 -0.995353 0.0268898 6.06274 0.995072 -0.0933383 -0.0334758 132.475 0.0358301 0.0236621 0.999078 0.87084
-0.0921818 -0.995564 0.0188528 6.16795 0.995033 -0.0928143 -0.0359955 134.443 0.0375856 0.015441 0.999174 0.866347
-0.0911092 -0.995584 0.0226312 6.27316 0.99532 -0.0917729 -0.0302611 136.41 0.0322044 0.0197683 0.999286 0.861854
-0.0907067 -0.995653 0.0211387 6.37838 0.995421 -0.0912873 -0.0283393 138.378 0.0301458 0.0184714 0.999375 0.857359
-0.0888944 -0.995706 0.0258449 6.48498 0.995696 -0.089517 -0.0240209 140.3 0.0262313 0.0235983 0.999377 0.844899
-0.0889318 -0.995858 0.0189027 6.62783 0.995572 -0.0894544 -0.0288801 142.839 0.0304514 0.0162507 0.999404 0.824107
-0.0876673 -0.995937 0.0205779 6.77103 0.995858 -0.0881226 -0.0223693 145.369 0.0240918 0.0185316 0.999538 0.804513
-0.0862933 -0.995981 0.0239907 6.92292 0.995896 -0.0868951 -0.0252897 147.668 0.0272727 0.0217099 0.999392 0.813453
-0.0773333 -0.99666 0.0262502 7.07481 0.996735 -0.0778984 -0.0212327 149.968 0.0232066 0.0245225 0.99943 0.822392
-0.0488323 -0.998492 0.0250639 7.30931 0.998639 -0.0492685 -0.0170937 152.089 0.0183028 0.024195 0.99954 0.800692
0.0164822 -0.999459 0.0284736 7.61325 0.999673 0.0159159 -0.0200005 154.06 0.0195365 0.028794 0.999394 0.75322
0.121845 -0.992427 0.0155816 7.93804 0.992403 0.121543 -0.0190813 156.013 0.017043 0.0177882 0.999696 0.707589
0.276323 -0.961039 0.00702607 8.70878 0.960923 0.27615 -0.0191859 157.575 0.0164982 0.012053 0.999791 0.701651
0.451629 -0.892205 -0.00134634 9.47983 0.892205 0.45163 -0.000858803 159.138 0.00137428 -0.000813349 0.999999 0.69571
0.620883 -0.783707 -0.0175312 10.4614 0.783894 0.620827 0.00912005 160.291 0.00373637 -0.0194051 0.999805 0.722363
0.771977 -0.635268 -0.0220316 11.6204 0.635649 0.771555 0.0255613 161.104 0.000760318 -0.0337371 0.99943 0.776328
0.90142 -0.432671 -0.0154293 13.0935 0.432946 0.900802 0.0333596 161.925 -0.00053501 -0.0367511 0.999324 0.84923
0.975324 -0.218977 -0.02814 14.9542 0.22003 0.974576 0.0422946 162.177 0.018163 -0.0474425 0.998709 0.95738
0.99286 -0.112084 -0.0408314 16.9368 0.11382 0.992569 0.0430215 162.24 0.0357059 -0.0473618 0.998239 1.10677
0.995219 -0.0871877 -0.0440128 19.0263 0.0888016 0.995393 0.0361487 162.137 0.0406583 -0.0398843 0.998377 1.29227
0.996084 -0.0723562 -0.0508004 21.0209 0.0735832 0.99703 0.0227119 161.938 0.0490062 -0.026361 0.998451 1.37999
0.996751 -0.0608247 -0.0528086 23.0592 0.0617274 0.997971 0.0156319 161.718 0.0517507 -0.0188408 0.998482 1.455
0.997872 -0.0489428 -0.0430834 24.814 0.0497289 0.998612 0.0173655 161.511 0.0421736 -0.0194711 0.998921 1.53526
0.997925 -0.0430218 -0.0479035 26.5989 0.04375 0.998941 0.0142567 161.297 0.0472394 -0.0163229 0.99875 1.62042
0.997805 -0.0416195 -0.0515101 28.3927 0.0423151 0.999026 0.0124894 161.074 0.0509401 -0.0146417 0.998594 1.70232
0.997665 -0.0410822 -0.0545608 30.6626 0.0414537 0.999124 0.00569549 160.77 0.054279 -0.00794393 0.998494 1.79558
0.997975 -0.0301453 -0.0560043 32.4773 0.0302652 0.999541 0.00129397 160.525 0.0559396 -0.00298633 0.99843 1.87161
0.9979 -0.0198841 -0.0616387 34.2911 0.0207163 0.999702 0.0128916 160.238 0.061364 -0.0141415 0.998015 1.97003
0.998481 -0.0168161 -0.0524626 36.1054 0.0168679 0.999858 0.000544863 159.952 0.0524459 -0.00142897 0.998623 2.06848
0.997793 -0.0254056 -0.0613557 38.3426 0.0262099 0.99958 0.0123397 159.606 0.0610165 -0.0139206 0.99804 2.17822
0.99747 -0.0329675 -0.0629857 40.1194 0.0337662 0.999362 0.0116586 159.335 0.0625611 -0.0137559 0.997946 2.26028
0.996386 -0.0618574 -0.0582104 42.3206 0.0627324 0.997941 0.013324 159.051 0.0572663 -0.0169275 0.998215 2.36143
0.994522 -0.0890505 -0.0547338 44.4979 0.0904057 0.995644 0.0228004 158.833 0.052465 -0.0276238 0.998241 2.46086
0.993576 -0.101847 -0.0493441 46.6627 0.103001 0.99445 0.0214344 158.633 0.0468872 -0.0263792 0.998552 2.56361
0.992737 -0.111139 -0.0460692 48.3829 0.112062 0.993539 0.0179592 158.489 0.0437756 -0.0229914 0.998777 2.64901
0.991136 -0.125461 -0.0437016 50.5629 0.126334 0.991828 0.0178194 158.34 0.0411088 -0.0231825 0.998886 2.74709
0.988732 -0.143892 -0.0412828 52.3763 0.144847 0.989228 0.0211342 158.293 0.0377971 -0.0268758 0.998924 2.80529
0.985595 -0.162053 -0.0483842 54.1899 0.162875 0.986554 0.0135205 158.245 0.0455426 -0.0212063 0.998737 2.8635
0.983515 -0.177269 -0.0356911 56.1194 0.177883 0.98394 0.0148194 158.219 0.0324909 -0.0209239 0.999253 2.92707
0.982298 -0.183757 -0.0363935 58.0735 0.184479 0.98268 0.0175452 158.197 0.0325391 -0.0239484 0.999184 2.9918
0.982054 -0.185054 -0.0363871 60.0851 0.185681 0.982501 0.0146552 158.176 0.0330383 -0.0211486 0.99923 3.05521
0.98221 -0.183178 -0.0413402 62.2169 0.183422 0.983032 0.00215995 158.154 0.0402431 -0.00970423 0.999143 3.11579
0.982007 -0.18273 -0.0476628 64.3483 0.182471 0.983163 -0.00976963 158.133 0.0486455 0.000896792 0.998816 3.17637
0.981525 -0.179822 -0.0653698 66.6304 0.180529 0.983557 0.00503409 158.134 0.0633897 -0.0167422 0.997848 3.25575
0.982813 -0.176447 -0.0542669 68.9439 0.176154 0.98431 -0.010173 158.14 0.0552104 0.000438775 0.998475 3.33913
0.983631 -0.173542 -0.0485054 70.6889 0.173539 0.984818 -0.00430288 158.143 0.0485157 -0.00418514 0.998814 3.39862
0.983249 -0.170769 -0.0637055 72.5173 0.171287 0.985217 0.00271288 158.129 0.0623005 -0.0135794 0.997965 3.43031
0.983259 -0.169235 -0.0675408 74.3456 0.170039 0.985417 0.00629998 158.115 0.0654896 -0.0176791 0.997697 3.46199
0.983351 -0.167537 -0.0703727 76.1746 0.168799 0.985573 0.0123496 158.101 0.0672884 -0.0240229 0.997444 3.49369
0.983256 -0.166352 -0.0743947 78.0029 0.168468 0.985437 0.0230905 158.073 0.0694701 -0.035237 0.996962 3.57516
0.984214 -0.166426 -0.0602051 79.8304 0.167513 0.985778 0.0134433 158.042 0.0571115 -0.0233162 0.998096 3.67133
0.984849 -0.164408 -0.0551637 81.6582 0.165289 0.986175 0.0117661 158.011 0.0524666 -0.0207057 0.998408 3.76752
0.986343 -0.15858 -0.0444934 84.0352 0.159469 0.987054 0.0171585 157.965 0.0411964 -0.0240195 0.998862 3.87828
0.987831 -0.150133 -0.0406149 86.3687 0.150916 0.988401 0.0169557 157.915 0.0375982 -0.0228788 0.999031 3.97641
0.987855 -0.14992 -0.0408301 88.1189 0.150845 0.988343 0.0205757 157.878 0.0372694 -0.0264848 0.998954 4.05002
0.988668 -0.146161 -0.0342297 90.5158 0.146781 0.989034 0.0163334 157.77 0.0314671 -0.0211726 0.999281 4.12479
0.988965 -0.139012 -0.0512195 92.9258 0.140174 0.989928 0.0198277 157.649 0.0479473 -0.0267885 0.998491 4.19487
0.990064 -0.132863 -0.0460515 95.3522 0.13319 0.991082 0.00410563 157.522 0.0450954 -0.0101985 0.998931 4.26964
0.990667 -0.127473 -0.0482628 97.8122 0.128336 0.991614 0.0152047 157.383 0.0459199 -0.0212566 0.998719 4.35373
0.991187 -0.12401 -0.0465822 100.273 0.125133 0.991896 0.0220098 157.245 0.0434753 -0.0276448 0.998672 4.43783
0.99111 -0.121172 -0.0549343 102.572 0.122134 0.992408 0.0145096 157.087 0.0527591 -0.02109 0.998385 4.55409
0.991013 -0.116452 -0.0658185 104.84 0.117846 0.992874 0.0176949 156.926 0.0632889 -0.0252923 0.997675 4.67642
0.991152 -0.113477 -0.0688586 107.035 0.114688 0.993305 0.0138813 156.77 0.0668223 -0.0216557 0.99753 4.78161
0.991548 -0.111946 -0.065576 109.087 0.113292 0.993414 0.0171647 156.625 0.0632225 -0.0244489 0.9977 4.8534
0.992622 -0.109415 -0.0522544 111.139 0.110039 0.993885 0.00921486 156.48 0.0509266 -0.0148969 0.998591 4.92519
0.991767 -0.111002 -0.0638558 113.125 0.111985 0.993637 0.0120249 156.329 0.0621148 -0.0190768 0.997887 5.00411
0.992302 -0.110123 -0.0566592 115.098 0.111321 0.993614 0.0184299 156.178 0.0542678 -0.0245954 0.998223 5.08437
0.99243 -0.110536 -0.0535188 117.015 0.111739 0.993536 0.020035 156.031 0.0509583 -0.0258635 0.998366 5.16096
0.992285 -0.11498 -0.0463583 119.28 0.116097 0.992991 0.02214 155.858 0.0434877 -0.0273512 0.99868 5.24797
0.991583 -0.122112 -0.0430401 121.46 0.123294 0.992031 0.0259647 155.698 0.0395265 -0.0310528 0.998736 5.32885
0.99005 -0.128467 -0.0574291 123.419 0.130004 0.991226 0.0238581 155.57 0.0538603 -0.0310867 0.998064 5.3939
0.990338 -0.131599 -0.0437313 125.312 0.132182 0.991168 0.0107066 155.445 0.0419361 -0.0163836 0.998986 5.45646
0.990595 -0.12768 -0.0491828 127.378 0.128496 0.991614 0.0137737 155.298 0.0470118 -0.0199639 0.998695 5.52378
0.993693 -0.101634 -0.0473891 129.38 0.102294 0.994685 0.0117099 155.115 0.0459471 -0.0164836 0.998808 5.57781
0.997504 0.0555225 -0.0436281 131.204 -0.0549441 0.998386 0.0143477 154.808 0.0443543 -0.0119148 0.998945 5.62731
0.955391 0.292919 -0.0377808 132.722 -0.292187 0.956066 0.0237522 154.179 0.0430784 -0.0116536 0.999004 5.67722
0.864159 0.501986 -0.035215 133.988 -0.50041 0.864612 0.0451192 153.253 0.0530965 -0.0213682 0.998361 5.64245
0.729216 0.684048 -0.0179503 134.971 -0.682351 0.728876 0.0560096 152.109 0.0513968 -0.0285947 0.998269 5.71896
0.562352 0.826827 -0.0108259 135.575 -0.825732 0.562206 0.0457246 150.743 0.0438927 -0.0167741 0.998895 5.74857
0.372547 0.927962 -0.0097806 136.098 -0.927212 0.372642 0.0376324 149.159 0.0385661 -0.00495114 0.999244 5.77812
0.284082 0.958779 0.00641559 136.202 -0.95846 0.283796 0.0285286 147.449 0.0255319 -0.0142535 0.999572 5.90312
0.226777 0.973929 -0.00592624 136.295 -0.973473 0.226852 0.0297977 145.748 0.0303652 -0.0009884 0.999538 6.01624
0.217924 0.975965 -0.00069193 136.277 -0.975493 0.21784 0.0309752 143.812 0.0303815 -0.00607527 0.99952 6.01177
0.227641 0.973744 0.00144816 136.28 -0.973497 0.227549 0.0229282 141.946 0.0219967 -0.00662917 0.999736 6.01517
0.223703 0.974647 0.00449564 136.319 -0.974442 0.223554 0.0220756 139.888 0.0205109 -0.00931912 0.999746 6.03244
0.206345 0.97847 0.00422972 136.271 -0.978223 0.20619 0.0237572 137.877 0.0223736 -0.0090398 0.999709 6.04318
0.181365 0.983385 0.00778021 136.194 -0.983157 0.18113 0.0243763 135.753 0.022562 -0.0120702 0.999673 6.05638
0.169995 0.985425 0.00619925 136.075 -0.985246 0.169831 0.0211685 133.758 0.0198072 -0.00970633 0.999757 6.07461
0.16256 0.986698 0.00125351 135.937 -0.986502 0.162502 0.0201717 131.668 0.0196997 -0.0045157 0.999796 6.09252
0.16065 0.986974 0.0085917 135.753 -0.986719 0.160384 0.025733 129.354 0.0240198 -0.0126116 0.999632 6.10971
0.158356 0.98738 0.00222122 135.571 -0.987155 0.158271 0.0218272 127.019 0.0212002 -0.00564916 0.999759 6.12865
0.164349 0.986396 0.00347196 135.394 -0.986262 0.164265 0.0174298 124.633 0.0166224 -0.00628883 0.999842 6.15164
0.171204 0.98513 0.0144454 135.255 -0.985134 0.170957 0.0169024 122.711 0.0141816 -0.0171244 0.999753 6.17022
0.176736 0.984164 0.0136413 135.134 -0.984211 0.176574 0.0122809 120.704 0.0096777 -0.0155964 0.999832 6.19015
0.177578 0.98404 0.0114858 135.013 -0.984058 0.177442 0.0119903 118.698 0.00976086 -0.0134319 0.999862 6.21008
0.180005 0.983551 0.0150174 134.901 -0.983611 0.179812 0.0133302 116.672 0.0104106 -0.0171708 0.999798 6.23038
0.181345 0.983285 0.0162559 134.794 -0.983386 0.181178 0.0112162 114.635 0.0080835 -0.0180199 0.999805 6.25092
0.18074 0.983381 0.017167 134.688 -0.983517 0.180615 0.0085514 112.592 0.00530867 -0.0184296 0.999816 6.27224
0.180485 0.983449 0.0158802 134.582 -0.983569 0.180392 0.00713304 110.51 0.00415033 -0.0169067 0.999848 6.29881
0.175668 0.984309 0.0166197 134.477 -0.984429 0.175532 0.00934336 108.428 0.00627947 -0.0180022 0.999818 6.32539
0.168042 0.985671 0.0146241 134.359 -0.985747 0.167896 0.010664 106.324 0.00805587 -0.0162077 0.999836 6.3368
0.156505 0.987584 0.0135659 134.234 -0.987647 0.156378 0.00999752 104.206 0.007752 -0.0149629 0.999858 6.33939
0.145627 0.98924 0.0140503 134.111 -0.989299 0.145479 0.0110838 102.104 0.00892049 -0.015514 0.99984 6.33716
0.143687 0.98957 0.0102913 133.995 -0.989568 0.143561 0.0120817 100.097 0.0104783 -0.01192 0.999874 6.30389
0.146302 0.98919 0.00998305 133.879 -0.989157 0.146152 0.0143816 98.0904 0.0127671 -0.0119789 0.999847 6.27063
0.156354 0.98766 0.0090211 133.79 -0.98763 0.156227 0.0133726 96.1638 0.0117982 -0.0110004 0.99987 6.24229
0.167017 0.985925 0.00758104 133.696 -0.985869 0.166897 0.0144415 93.8115 0.012973 -0.00988589 0.999867 6.21036
0.173762 0.984769 0.00599586 133.583 -0.984729 0.173681 0.0119857 91.5213 0.0107618 -0.00798695 0.99991 6.20195
0.178796 0.98384 0.00949613 133.451 -0.983836 0.178681 0.0118186 89.2905 0.00993084 -0.0114558 0.999885 6.21592
0.181905 0.983305 0.00469507 133.33 -0.983217 0.181817 0.0150307 87.0668 0.0139261 -0.00735043 0.999876 6.22813
0.185141 0.982699 0.00497321 133.218 -0.982683 0.185095 0.00857846 84.8497 0.00750953 -0.00647531 0.999951 6.23867
0.182714 0.983152 0.0053242 133.112 -0.983158 0.182688 0.00497216 82.6412 0.00391572 -0.00614301 0.999973 6.25828
0.177735 0.98407 0.00414577 133.011 -0.984055 0.1777 0.00768608 80.4411 0.00682693 -0.00544575 0.999962 6.2864
0.168156 0.985758 0.00228643 132.913 -0.985752 0.168144 0.00450594 78.2286 0.00405732 -0.00301156 0.999987 6.31505
0.161629 0.98685 -0.00162064 132.819 -0.986849 0.161632 0.00200872 76.0047 0.00224426 0.00127466 0.999997 6.34419
0.159948 0.987114 -0.00469079 132.697 -0.987119 0.159962 0.00277286 73.8331 0.00348748 0.00418686 0.999985 6.36666
0.14546 0.989356 -0.00406194 132.55 -0.989364 0.145462 0.000166745 71.7115 0.000755826 0.00399448 0.999992 6.38287
0.130605 0.991421 -0.00521051 132.392 -0.991435 0.130603 -0.000645035 69.6183 4.10066e-05 0.00525012 0.999986 6.37104
0.128727 0.991663 -0.00587367 132.223 -0.991663 0.128757 0.00512259 67.551 0.00583616 0.00516528 0.99997 6.33327
0.152968 0.988184 -0.00967852 132.081 -0.988193 0.153041 0.00727902 65.4445 0.00867422 0.00845079 0.999927 6.31706
0.18181 0.983249 -0.0129329 131.964 -0.983305 0.181889 0.00521386 63.302 0.00747887 0.011769 0.999903 6.32063
0.203291 0.97907 -0.00972838 131.865 -0.979096 0.203344 0.0047868 61.1147 0.00666483 0.00855189 0.999941 6.30339
0.208838 0.977931 -0.00606302 131.799 -0.977881 0.208893 0.0105683 59.3316 0.0116016 0.00372185 0.999926 6.27443
0.206399 0.978383 -0.0128806 131.724 -0.978421 0.2065 0.00705946 57.1162 0.00956671 0.0111456 0.999892 6.24933
0.20551 0.978613 -0.00908354 131.664 -0.978603 0.205586 0.00842793 54.9268 0.0101151 0.00715715 0.999923 6.24706
0.206165 0.978517 -0.000855425 131.606 -0.978517 0.206165 0.000833595 52.7713 0.000992046 0.00066519 0.999999 6.24791
0.215272 0.97655 0.00293269 131.551 -0.97651 0.215289 -0.00885678 50.6853 -0.00928047 -0.000957192 0.999956 6.25522
0.207786 0.978174 -0.00063815 131.494 -0.978165 0.207781 -0.00438993 48.6524 -0.00416152 0.00153638 0.99999 6.25677
0.200587 0.979674 -0.0017549 131.436 -0.979673 0.200583 -0.00260761 46.7283 -0.00220261 0.00224229 0.999995 6.24649
0.195837 0.980637 -4.51711e-05 131.371 -0.980635 0.195837 -0.00183793 44.8139 -0.00179349 0.00040423 0.999998 6.23711
0.192202 0.981355 -0.000522818 131.291 -0.981352 0.192203 0.00261335 42.9197 0.00266511 1.07762e-05 0.999996 6.22958
0.197977 0.980205 -0.00174203 131.215 -0.980197 0.197983 0.00415928 40.9531 0.00442184 0.000884087 0.99999 6.2235
0.200741 0.97964 -0.00283111 131.149 -0.979644 0.200741 -9.32071e-05 38.838 0.00047701 0.00279219 0.999996 6.22036
0.201124 0.979557 -0.00404176 131.077 -0.979562 0.20111 -0.00360773 36.6422 -0.00272114 0.00468475 0.999985 6.21438
0.198231 0.980149 0.00346333 131.009 -0.980141 0.198246 -0.00470272 34.7556 -0.00529595 -0.00246233 0.999983 6.20507
0.192354 0.981303 0.00667208 130.941 -0.98131 0.192385 -0.00437455 32.8695 -0.00557636 -0.00570591 0.999968 6.19576
0.183631 0.982992 0.0023474 130.817 -0.982981 0.183641 -0.00490848 30.9364 -0.00525608 -0.0014061 0.999985 6.18606
0.177402 0.984137 0.00156318 130.689 -0.984124 0.177408 -0.00512363 28.9998 -0.00531968 -0.000629422 0.999986 6.17632
0.175908 0.984395 -0.00479912 130.564 -0.984387 0.175872 -0.00722616 27.0949 -0.00626936 0.00599533 0.999962 6.17778
0.174418 0.984656 0.00550726 130.413 -0.984653 0.174447 -0.00521414 24.7686 -0.00609486 -0.0045133 0.999971 6.19888
0.166944 0.985936 0.00775323 130.243 -0.985927 0.167002 -0.00759525 22.4518 -0.00878324 -0.00637614 0.999941 6.21166
0.152256 0.988341 0.000699879 130.037 -0.98834 0.152257 -0.00158429 20.1536 -0.00167238 -0.0004505 0.999999 6.20815
0.137728 0.990407 -0.0111908 129.863 -0.990452 0.137784 0.00440105 18.3059 0.00590074 0.0104778 0.999928 6.19813
0.119003 0.992708 -0.0191949 129.592 -0.992846 0.119165 0.00754064 15.9445 0.00977302 0.0181602 0.999787 6.14282
0.102234 0.994391 -0.0271 129.376 -0.994551 0.102733 0.0177348 14.0548 0.0204195 0.0251393 0.999475 6.09856
0.0846401 0.995957 -0.030109 129.05 -0.995794 0.0856131 0.0326411 11.7737 0.0350868 0.0272196 0.999014 6.12362
0.0744678 0.996602 -0.0351949 128.721 -0.996654 0.0755712 0.0311354 9.49816 0.0336893 0.0327585 0.998895 6.15376
0.0798271 0.996182 -0.0353449 128.461 -0.996208 0.0809594 0.0318537 7.85605 0.0345936 0.0326681 0.998867 6.19536
0.0914098 0.995178 -0.0355691 128.138 -0.995203 0.0925463 0.0317338 5.8203 0.0348726 0.0324977 0.998863 6.24903
0.111185 0.993228 -0.0337033 127.864 -0.99321 0.112223 0.0306409 3.68457 0.0342157 0.0300676 0.998962 6.19631
0.128135 0.991158 -0.0344481 127.604 -0.99119 0.129158 0.0293277 1.37883 0.0335176 0.0303867 0.998976 6.1075
0.141886 0.989504 -0.0273804 127.415 -0.989297 0.142699 0.0304624 -0.655228 0.0340498 0.0227652 0.999161 6.04694
0.15423 0.987649 -0.0276048 127.248 -0.98758 0.154947 0.0260422 -2.73381 0.0299979 0.0232455 0.99928 6.03094
0.165556 0.985666 -0.0324601 127.105 -0.985661 0.166464 0.0276007 -4.72587 0.0326085 0.0274252 0.999092 6.02795
0.180589 0.982998 -0.033199 127.064 -0.983222 0.181307 0.0200481 -6.93115 0.0257264 0.0290215 0.999248 5.9485
0.182124 0.982659 -0.0348154 126.944 -0.982669 0.183141 0.0286627 -8.72465 0.0345418 0.0289918 0.998983 5.90367
0.183603 0.98233 -0.0363053 126.852 -0.982307 0.184736 0.0307652 -10.6678 0.0369284 0.0300144 0.998867 5.90481
0.183413 0.98241 -0.0350604 126.733 -0.982518 0.184358 0.025901 -12.6692 0.031909 0.0296969 0.999049 5.83568
0.179041 0.98365 -0.0194404 126.65 -0.98332 0.179554 0.0290142 -14.5572 0.0320304 0.0139214 0.99939 5.75809
0.118826 0.992865 -0.0100045 126.342 -0.992671 0.119014 0.0209903 -16.3375 0.0220313 0.00743702 0.99973 5.81562
-0.0796061 0.996762 -0.0113223 126.074 -0.996569 -0.0793222 0.0236313 -17.7654 0.0226567 0.0131647 0.999657 5.96762
-0.378429 0.92563 0.000500342 125.462 -0.925556 -0.378406 0.012441 -18.8999 0.0117051 0.00424493 0.999922 5.90951
-0.667596 0.744487 0.00738481 124.384 -0.744138 -0.667537 0.025547 -19.8618 0.023949 0.0115597 0.999646 5.80001
-0.860207 0.509195 0.0276384 123.025 -0.508628 -0.860617 0.0252174 -20.4787 0.0366267 0.00763455 0.9993 5.50469
-0.956038 0.293074 0.0099216 121.363 -0.292998 -0.956076 0.00841636 -20.8028 0.0119524 0.00513935 0.999915 5.29973
-0.975941 0.217993 0.00431608 119.533 -0.217935 -0.9759 0.011143 -20.8945 0.00664117 0.00993433 0.999929 5.06303
-0.978765 0.204864 0.00712584 117.554 -0.204804 -0.978768 0.00831827 -20.853 0.00867866 0.00668223 0.99994 4.93957
-0.979025 0.203735 0.00143318 115.665 -0.203708 -0.978974 0.0106537 -20.7667 0.00357357 0.0101383 0.999942 4.95107
-0.978472 0.206341 0.00392385 113.702 -0.20626 -0.978379 0.0151765 -20.6642 0.00697055 0.0140404 0.999877 4.92673
-0.977419 0.211308 0.00084274 111.82 -0.21129 -0.977376 0.00966698 -20.5627 0.00286638 0.00927063 0.999953 4.87105
-0.976827 0.213994 -0.0039963 109.754 -0.214021 -0.976792 0.00853727 -20.4922 -0.00207662 0.00919473 0.999956 4.78456
-0.975865 0.218338 -0.00402785 107.626 -0.218368 -0.975816 0.00994433 -20.4134 -0.00175921 0.0105839 0.999942 4.71644
-0.975291 0.220805 -0.00723159 105.749 -0.220881 -0.975223 0.012302 -20.3324 -0.00433606 0.0135954 0.999898 4.69291
-0.976074 0.217434 -0.00112109 103.807 -0.217428 -0.975974 0.0141411 -20.2441 0.0019806 0.0140465 0.999899 4.65929
-0.977021 0.213103 -0.00413769 101.762 -0.213139 -0.976942 0.0124692 -20.1443 -0.00138507 0.0130646 0.999914 4.60968
-0.977968 0.208744 0.00229769 100.092 -0.208665 -0.977805 0.0188902 -20.0593 0.0061899 0.0179946 0.999819 4.5655
-0.977986 0.208638 0.00362313 98.3133 -0.208553 -0.977872 0.0164742 -19.9577 0.00698011 0.0153559 0.999858 4.50671
-0.97781 0.209252 0.0100893 96.5337 -0.209096 -0.977786 0.0146176 -19.8562 0.0129239 0.0121836 0.999842 4.44791
-0.978008 0.208559 0.00204465 94.6094 -0.208482 -0.977836 0.019309 -19.7609 0.0060264 0.0184581 0.999811 4.36835
-0.977535 0.210669 -0.00654328 92.6337 -0.210755 -0.977374 0.0179663 -19.6679 -0.00261027 0.0189418 0.999817 4.28148
-0.977446 0.211174 0.00233312 90.6142 -0.211107 -0.977319 0.0167479 -19.574 0.00581692 0.0158776 0.999857 4.19539
-0.978004 0.208583 0.000668668 88.4559 -0.208562 -0.977943 0.0113783 -19.4774 0.00302724 0.0109886 0.999935 4.11187
-0.978408 0.206668 -0.00229512 86.2978 -0.20668 -0.978325 0.0127947 -19.3809 0.000398878 0.0129928 0.999915 4.02836
-0.978766 0.204979 0.000429764 84.0839 -0.204965 -0.978719 0.00997453 -19.2584 0.00246519 0.00967465 0.99995 3.95309
-0.979231 0.202731 -0.00253185 81.851 -0.202746 -0.979139 0.0134543 -19.1268 0.000248553 0.0136881 0.999906 3.88075
-0.978658 0.205354 0.00766356 79.6067 -0.205262 -0.978642 0.0113142 -19.0004 0.0098233 0.00949966 0.999907 3.80386
-0.978601 0.205741 0.00312739 77.3268 -0.205596 -0.978299 0.0256976 -18.89 0.00834659 0.0245047 0.999665 3.71284
-0.978211 0.207451 0.00821296 75.0475 -0.2073 -0.978143 0.01623 -18.7796 0.0114004 0.0141738 0.999835 3.62183
-0.978084 0.208127 0.00584983 73.2951 -0.207985 -0.977948 0.018981 -18.7033 0.00967129 0.0173483 0.999803 3.54232
-0.977473 0.211053 -0.00149686 71.5208 -0.211042 -0.977286 0.0193226 -18.6303 0.00261522 0.0192032 0.999812 3.45702
-0.977439 0.211217 0.00015959 69.1545 -0.211188 -0.977317 0.0158403 -18.5329 0.00350172 0.0154492 0.999875 3.34326
-0.977604 0.210429 0.00324528 66.8339 -0.210337 -0.977459 0.0181994 -18.4359 0.00700181 0.0171092 0.999829 3.23328
-0.977716 0.209857 0.00557269 65.1046 -0.209751 -0.977634 0.0153743 -18.3633 0.00867445 0.0138628 0.999866 3.15173
-0.977905 0.208916 0.00746467 62.7991 -0.208789 -0.977845 0.0150464 -18.2665 0.0104427 0.0131554 0.999859 3.043
-0.977875 0.209117 0.00559997 60.6313 -0.209025 -0.977814 0.0137205 -18.1747 0.00834491 0.0122464 0.99989 2.94916
-0.977831 0.209383 -0.00234859 58.4632 -0.20939 -0.977656 0.0185385 -18.0829 0.00158552 0.0186193 0.999825 2.85533
-0.977842 0.209325 -0.00273765 56.4263 -0.209333 -0.977583 0.0226252 -17.9972 0.00205973 0.022697 0.99974 2.7556
-0.977582 0.210553 -0.000702531 54.5192 -0.210471 -0.977092 0.0315097 -17.9176 0.00594804 0.0309512 0.999503 2.65002
-0.977351 0.211493 -0.0074323 52.6134 -0.211617 -0.976983 0.0268762 -17.838 -0.00157711 0.0278403 0.999611 2.54436
-0.977066 0.212931 -0.0012695 50.4301 -0.212911 -0.97685 0.0207803 -17.7448 0.00318467 0.020574 0.999783 2.39597
-0.976953 0.213402 -0.00470671 48.247 -0.213454 -0.976767 0.0190818 -17.6515 -0.000525256 0.0196467 0.999807 2.24757
-0.977061 0.212949 -0.00202568 46.4628 -0.212947 -0.976857 0.0200912 -17.557 0.00229961 0.0200617 0.999796 2.11924
-0.977137 0.212604 -0.00151784 44.6785 -0.212604 -0.977044 0.0135461 -17.4625 0.00139696 0.0135591 0.999907 1.99092
-0.97708 0.212829 -0.004306 42.8012 -0.212863 -0.977026 0.0104997 -17.3709 -0.00197244 0.0111756 0.999936 1.87515
-0.977064 0.212898 -0.0045 40.8343 -0.212939 -0.976981 0.0128298 -17.2821 -0.00166496 0.0134938 0.999908 1.77145
-0.976666 0.214762 -0.000752124 38.8648 -0.214759 -0.976618 0.00979647 -17.193 0.00136937 0.0097294 0.999952 1.66795
-0.976648 0.214805 0.00404296 36.589 -0.214758 -0.976618 0.00983471 -17.0609 0.00606098 0.0087368 0.999943 1.58435
-0.976573 0.215068 0.00719364 34.882 -0.214959 -0.97653 0.0134884 -16.9618 0.00992572 0.011626 0.999883 1.52166
-0.976375 0.215677 0.0132182 32.554 -0.215506 -0.976412 0.013245 -16.8301 0.0157631 0.0100835 0.999825 1.42963
-0.976256 0.216229 0.0130326 30.6969 -0.216077 -0.976301 0.0121337 -16.7322 0.0153474 0.00902954 0.999841 1.34278
-0.976375 0.215909 0.00872334 28.8395 -0.215719 -0.976275 0.0187963 -16.6343 0.0125747 0.0164705 0.999785 1.2559
-0.9764 0.215781 0.00898328 26.983 -0.215581 -0.976297 0.0192122 -16.5365 0.012916 0.0168222 0.999775 1.16863
-0.976512 0.215228 0.0100108 25.0905 -0.21504 -0.976455 0.0171209 -16.4417 0.01346 0.014566 0.999803 1.05642
-0.976849 0.213757 0.0085676 23.1986 -0.213583 -0.976764 0.0177197 -16.347 0.0121562 0.0154795 0.999806 0.944224
-0.976983 0.2133 0.00267712 21.306 -0.213229 -0.976865 0.0164031 -16.2522 0.00611396 0.0154547 0.999862 0.831997
-0.977145 0.212412 0.00827769 19.483 -0.21225 -0.977066 0.0170581 -16.1542 0.0117112 0.0149113 0.99982 0.713501
-0.977431 0.211221 0.00384785 17.691 -0.211129 -0.977313 0.0168382 -16.0548 0.00731714 0.0156458 0.999851 0.592133
-0.977455 0.211119 0.00322693 15.8996 -0.21101 -0.977265 0.0207134 -15.9554 0.00752657 0.0195655 0.99978 0.470805
-0.977725 0.209888 0.000436483 13.6695 -0.209854 -0.9776 0.0161062 -15.8481 0.0038072 0.0156558 0.99987 0.362875
-0.977808 0.209502 0.000679599 11.5881 -0.209449 -0.977625 0.0195298 -15.7643 0.00475593 0.0189541 0.999809 0.305406
-0.977731 0.209856 0.00164928 9.51777 -0.209781 -0.97754 0.0201969 -15.6792 0.00585068 0.0194011 0.999795 0.246452
-0.977964 0.208764 -0.00187703 7.51471 -0.208762 -0.97778 0.0190924 -15.4988 0.00215049 0.0190635 0.999816 0.095451
-0.986572 0.163319 0.00161376 5.51773 -0.163271 -0.986443 0.0165471 -15.3137 0.00429434 0.0160614 0.999862 -0.0546844
-0.999377 0.0352445 0.00165833 3.47435 -0.0352186 -0.999286 0.0136778 -14.8193 0.00213922 0.0136109 0.999905 -0.18441
-0.989813 -0.142115 -0.00853469 1.85997 0.142073 -0.989841 0.00541327 -14.3161 -0.0092173 0.00414559 0.999949 -0.284591
-0.924823 -0.380085 -0.0154077 0.295374 0.379891 -0.924923 0.014109 -13.3278 -0.0196135 0.00719504 0.999782 -0.371407
-0.814612 -0.579662 -0.0200072 -0.781609 0.579503 -0.814857 0.0135683 -12.3624 -0.0241681 -0.000541309 0.999708 -0.429262
-0.620389 -0.783989 -0.021863 -1.70077 0.78417 -0.620546 0.000496811 -10.9703 -0.0139565 -0.0168361 0.999761 -0.474843
-0.385379 -0.922405 -0.0255179 -2.1251 0.922755 -0.385156 -0.013325 -9.24792 0.00246271 -0.028682 0.999586 -0.537457
-0.235825 -0.971541 -0.022217 -2.29073 0.971375 -0.23499 -0.0347739 -7.68709 0.0285635 -0.0297816 0.999148 -0.596106
-0.162903 -0.98648 -0.0179032 -2.14808 0.985758 -0.161962 -0.0452725 -5.41471 0.0417607 -0.0250233 0.998814 -0.597121
-0.148939 -0.98875 -0.0138284 -1.97517 0.987682 -0.148071 -0.0505819 -3.46158 0.0479653 -0.0211917 0.998624 -0.589468
-0.105844 -0.994311 -0.01193 -1.60319 0.992968 -0.105047 -0.0545756 -1.39594 0.0530119 -0.0176226 0.998438 -0.623275
-0.0592109 -0.99824 -0.00326649 -1.23054 0.996763 -0.0589445 -0.054672 0.651264 0.0543833 -0.0064931 0.998499 -0.655077
-0.0160148 -0.999864 0.00398235 -0.756777 0.998098 -0.0162234 -0.0594719 2.42378 0.0595284 0.00302234 0.998222 -0.618157
-0.00738311 -0.999928 0.00942719 -0.23122 0.998091 -0.00794697 -0.0612518 4.32658 0.0613223 0.00895697 0.998078 -0.55553
-0.0345129 -0.999295 0.0147506 0.27051 0.996926 -0.0354621 -0.0698585 6.15586 0.0703323 0.0122943 0.997448 -0.424045
-0.0948327 -0.995103 0.0278585 0.59332 0.9929 -0.0965674 -0.0694628 7.75277 0.0718129 0.0210734 0.997195 -0.124607
