1 0 0 0 0 1 0 0 0 0 1 0
0.950449 -0.310681 0.011117 -0.378916 0.310725 0.950496 -0.00251369 1.70132 -0.0097857 0.00584346 0.999935 -0.0191148
0.919936 -0.39183 0.0137123 -0.941267 0.391923 0.919986 -0.00481141 3.24312 -0.0107299 0.00980035 0.999894 -0.0354433
0.964628 -0.262707 0.0218408 -1.31531 0.262874 0.964816 -0.00512677 4.92873 -0.0197255 0.0106868 0.999748 -0.0607494
0.982855 -0.183294 0.0199815 -1.63286 0.183416 0.983026 -0.00440727 6.77679 -0.0188345 0.00799663 0.999791 -0.0655685
0.990555 -0.136633 0.0115098 -1.86467 0.136585 0.990617 0.00484138 8.69911 -0.0120633 -0.00322359 0.999922 -0.0851887
0.992897 -0.118611 0.00936295 -2.03122 0.118523 0.992906 0.00946505 10.5029 -0.0104192 -0.00828809 0.999911 -0.128963
0.994973 -0.0997084 0.00932242 -2.16146 0.0995408 0.994888 0.0169859 12.4945 -0.0109684 -0.0159726 0.999812 -0.169363
0.996915 -0.077784 0.0104565 -2.24808 0.0776605 0.996911 0.0117454 14.6107 -0.0113378 -0.0108971 0.999876 -0.23344
0.998318 -0.0550553 0.0181504 -2.29124 0.0547882 0.998387 0.0148978 16.9053 -0.0189414 -0.0138783 0.999724 -0.283434
0.999032 -0.0408683 0.0162846 -2.35569 0.0406528 0.999084 0.0133518 19.2767 -0.0168154 -0.0126769 0.999778 -0.28405
0.999398 -0.0343486 0.00484306 -2.37034 0.0342285 0.999149 0.0230219 21.2343 -0.00562971 -0.0228423 0.999723 -0.34208
0.999607 -0.0274814 0.00554502 -2.33357 0.0273519 0.999379 0.0222093 23.1933 -0.00615192 -0.0220489 0.999738 -0.395145
0.999726 -0.0230325 -0.00412001 -2.32409 0.0231171 0.999494 0.0218288 25.1478 0.00361516 -0.0219181 0.999753 -0.553692
0.999841 -0.015969 -0.00790364 -2.27806 0.0161285 0.999659 0.0205495 27.1074 0.00757279 -0.0206737 0.999758 -0.52435
0.999876 -0.0157647 4.92652e-05 -2.21383 0.0157619 0.999746 0.0160901 29.3027 -0.000302908 -0.0160873 0.999871 -0.61586
0.999774 -0.01711 0.0125998 -2.1622 0.0167683 0.999502 0.0267397 31.4921 -0.013051 -0.0265224 0.999563 -0.72977
0.99966 -0.0249741 0.00743731 -2.13996 0.0248088 0.99946 0.0215383 33.6629 -0.0079712 -0.0213465 0.99974 -0.747196
0.999209 -0.0340745 -0.0204772 -2.11633 0.0347271 0.998871 0.0324057 35.7044 0.0193499 -0.0330912 0.999265 -0.873431
0.999008 -0.0409952 -0.0173821 -2.07605 0.0414415 0.998799 0.0261423 37.7862 0.0162895 -0.0268367 0.999507 -0.954269
0.998597 -0.0471541 -0.0241022 -2.07856 0.047766 0.998534 0.0254757 39.8768 0.0228655 -0.0265913 0.999385 -0.962125
0.998479 -0.0468377 -0.0290867 -2.07117 0.0475634 0.998561 0.02478 41.8677 0.0278842 -0.0261258 0.99927 -1.06733
0.998746 -0.0440372 -0.0238319 -2.09136 0.0445369 0.99879 0.0208605 43.8565 0.0228844 -0.0218958 0.999498 -1.17356
0.999349 -0.030758 -0.0188427 -2.06512 0.0310954 0.999356 0.0178827 45.8172 0.0182805 -0.0184569 0.999663 -1.26995
0.999411 -0.029323 -0.017815 -2.04092 0.0295919 0.999449 0.0150269 47.9381 0.0173646 -0.0155452 0.999728 -1.35723
0.99943 -0.0287357 -0.017697 -1.99056 0.0292165 0.999194 0.027539 50.1179 0.0168914 -0.0280404 0.999464 -1.43905
0.999409 -0.0299778 -0.0168222 -1.97365 0.0303823 0.999242 0.0243309 52.0205 0.01608 -0.0248276 0.999562 -1.53862
0.999228 -0.0319509 -0.0228794 -1.93529 0.0324901 0.999193 0.0235955 53.961 0.0221071 -0.0243206 0.99946 -1.60408
0.999109 -0.0366527 -0.0209244 -1.89516 0.0371034 0.999079 0.021573 56.2891 0.0201144 -0.0223302 0.999548 -1.62762
0.998803 -0.0394472 -0.0289084 -1.89432 0.039973 0.999041 0.0178409 58.2396 0.0281769 -0.0189752 0.999423 -1.74343
0.999187 -0.0376763 -0.0143365 -1.84815 0.03808 0.998854 0.0290103 60.5829 0.013227 -0.0295327 0.999476 -1.84186
0.99945 -0.0321204 -0.00829583 -1.82797 0.0323483 0.999056 0.0289787 62.9297 0.0073572 -0.0292311 0.999546 -1.9201
0.999054 -0.0296 -0.0318604 -1.79215 0.0304955 0.999143 0.0279993 65.1129 0.0310043 -0.0289444 0.9991 -2.03111
0.999265 -0.026984 -0.0272182 -1.78724 0.0277336 0.999236 0.0275503 67.2578 0.026454 -0.0282849 0.99925 -2.10148
0.999659 -0.0219123 -0.0141903 -1.74715 0.022219 0.999515 0.0218251 69.452 0.0137052 -0.022133 0.999661 -2.17887
0.99957 -0.0147239 -0.025343 -1.67682 0.0152501 0.999669 0.0206972 71.626 0.0250299 -0.0210748 0.999465 -2.37178
0.99985 0.00383241 -0.0169106 -1.5529 -0.00350746 0.999809 0.0192037 73.9316 0.016981 -0.0191415 0.999673 -2.43342
0.999594 0.0105782 -0.0264396 -1.44594 -0.0101338 0.999806 0.0168859 75.8317 0.0266131 -0.0166111 0.999508 -2.50586
0.999586 0.0131962 -0.0255563 -1.331 -0.012704 0.999733 0.0193258 77.8397 0.0258045 -0.0189931 0.999487 -2.51949
0.999785 0.00824714 -0.0190017 -1.22757 -0.00773213 0.999605 0.0270189 79.7806 0.019217 -0.0268662 0.999454 -2.52621
0.999978 -0.00290403 -0.00598585 -1.12959 0.00306804 0.999615 0.027575 81.7943 0.00590347 -0.0275927 0.999602 -2.64422
0.999776 -0.0153008 -0.01465 -1.05336 0.0155583 0.999724 0.0176241 83.9203 0.0143763 -0.0178481 0.999737 -2.71962
0.999587 -0.0230743 -0.0171545 -1.00371 0.0234384 0.999498 0.0213324 86.0982 0.0166536 -0.0217257 0.999625 -2.78995
0.999686 -0.0192907 -0.0160095 -0.986357 0.019585 0.999638 0.0184322 88.1943 0.0156481 -0.01874 0.999702 -2.89573
0.999774 -0.00688208 -0.0201287 -0.920292 0.00724955 0.999807 0.0182402 90.3645 0.0199993 -0.018382 0.999631 -2.89272
0.999945 9.76588e-05 -0.0105204 -0.81025 7.93284e-05 0.999858 0.0168215 92.4915 0.0105206 -0.0168214 0.999803 -2.95194
0.999907 0.00569288 -0.0123752 -0.717246 -0.00524472 0.99934 0.0359501 94.7446 0.0125717 -0.0358818 0.999277 -3.08164
0.999864 0.00953279 -0.0134532 -0.582119 -0.0090723 0.999385 0.0338844 97.0088 0.013768 -0.0337578 0.999335 -3.16682
0.999933 0.00805285 -0.00832754 -0.4077 -0.00782301 0.999597 0.0272735 99.1576 0.00854382 -0.0272066 0.999593 -3.29416
0.999985 0.00394522 -0.00374784 -0.299107 -0.00381679 0.999425 0.0336797 101.425 0.00387856 -0.0336649 0.999426 -3.38671
0.999971 -0.0013498 -0.00746163 -0.168204 0.00156854 0.999567 0.0293876 103.704 0.00741873 -0.0293984 0.99954 -3.42252
0.999942 -0.0047771 -0.00966382 -0.05939 0.00505674 0.999563 0.0291218 106.049 0.00952048 -0.029169 0.999529 -3.44273
0.99991 -0.00840146 -0.0104541 0.0146316 0.0086876 0.99958 0.0276333 107.872 0.0102176 -0.0277217 0.999563 -3.56043
0.999899 -0.0121362 -0.00737294 0.125245 0.0123146 0.99962 0.0246504 110.21 0.00707098 -0.0247387 0.999669 -3.67548
0.999869 -0.0160438 -0.00204363 0.205881 0.0160844 0.999635 0.0217009 112.6 0.00169472 -0.021731 0.999762 -3.69309
0.999773 -0.0197496 -0.00797874 0.269651 0.0199144 0.999578 0.021133 114.91 0.00755801 -0.0212871 0.999745 -3.83221
0.999644 -0.0226674 -0.0140843 0.33463 0.0229295 0.999562 0.018735 117.372 0.0136534 -0.0190513 0.999725 -3.81117
0.999717 -0.0220298 -0.00892642 0.39393 0.022334 0.999118 0.0355478 119.65 0.00813545 -0.0357371 0.999328 -4.03037
0.999721 -0.023438 -0.0029923 0.464706 0.0235226 0.999201 0.0323151 121.979 0.00223251 -0.0323765 0.999473 -4.13003
0.9997 -0.0239281 -0.00518001 0.502866 0.0240534 0.999381 0.0256661 124.323 0.00456266 -0.025783 0.999657 -4.16379
0.999726 -0.0232893 0.00220021 0.558893 0.0231956 0.999088 0.0358408 126.677 -0.00303291 -0.0357799 0.999355 -4.33068
0.999723 -0.0219879 0.0083509 0.59448 0.0217293 0.999317 0.0298873 128.876 -0.00900236 -0.0296976 0.999518 -4.38795
0.999803 -0.0198198 0.000907095 0.708112 0.0197953 0.999566 0.0217956 130.687 -0.00133869 -0.0217733 0.999762 -4.46435
0.999822 -0.0188708 -0.000453798 0.757776 0.0188759 0.999367 0.0301477 132.913 -0.0001154 -0.0301509 0.999545 -4.58249
0.99975 -0.0194322 -0.0111007 0.839409 0.0196622 0.999586 0.0210037 135.109 0.010688 -0.0212167 0.999718 -4.66502
0.999828 -0.0185099 0.000903042 0.881098 0.0184758 0.999406 0.0290764 137.247 -0.00144071 -0.0290548 0.999577 -4.7307
0.999761 -0.0218411 -0.000354679 0.894052 0.0218421 0.999328 0.0294396 139.38 -0.000288554 -0.0294404 0.999566 -4.82234
0.999802 -0.0188476 -0.00633584 0.964054 0.0190361 0.999333 0.0311515 141.479 0.00574449 -0.031266 0.999495 -4.86254
0.999861 -0.0153462 -0.00657712 1.03633 0.0155278 0.999473 0.028502 143.506 0.00613626 -0.0286001 0.999572 -4.94144
0.999784 -0.0124476 -0.0166589 1.06755 0.0129499 0.999454 0.0303937 145.491 0.0162715 -0.0306028 0.999399 -5.04647
0.999829 -0.00886017 -0.0162076 1.13715 0.00931293 0.999562 0.0280761 147.527 0.0159518 -0.0282222 0.999474 -5.10978
0.999998 0.00187603 0.00109562 1.20353 -0.00191525 0.999314 0.036974 149.752 -0.00102551 -0.036976 0.999316 -5.26887
0.999631 0.0268855 -0.00398548 1.32105 -0.0267386 0.99909 0.0332205 151.848 0.00487501 -0.0331017 0.99944 -5.28358
0.997111 0.0758436 -0.00419321 1.5256 -0.0756699 0.996611 0.0322523 153.734 0.00662513 -0.0318418 0.999471 -5.31113
0.98622 0.165419 -0.0025579 1.73413 -0.165215 0.985571 0.036784 155.734 0.00860578 -0.0358545 0.99932 -5.45056
0.947077 0.320664 -0.0148257 2.24179 -0.320434 0.947136 0.0159975 157.355 0.0191717 -0.0104002 0.999762 -5.55019
0.857862 0.513235 -0.025736 3.03966 -0.512957 0.858247 0.0169391 158.747 0.0307816 -0.00132993 0.999525 -5.58625
0.732641 0.67907 -0.0458308 4.0145 -0.679293 0.733754 0.0129202 159.731 0.0424022 0.0216667 0.998866 -5.5394
0.574311 0.815843 -0.0675787 5.25643 -0.817058 0.576372 0.0145409 160.493 0.0508135 0.0468647 0.997608 -5.49945
0.39125 0.917388 -0.0729576 6.76969 -0.919143 0.393482 0.0186672 161.115 0.0458326 0.0597549 0.99716 -5.44449
0.249189 0.965307 -0.0780217 8.39482 -0.967656 0.251445 0.0204067 161.479 0.0393169 0.070413 0.996743 -5.35812
0.154193 0.984132 -0.0878021 10.085 -0.987406 0.156669 0.0219987 161.681 0.0354055 0.0833043 0.995895 -5.24645
0.0852768 0.992559 -0.0869176 11.9242 -0.995894 0.0875729 0.0229479 161.762 0.0303888 0.0846038 0.995951 -5.03683
0.0453798 0.99506 -0.0882928 13.8649 -0.998719 0.0471693 0.0182868 161.73 0.0223612 0.0873499 0.995927 -4.89987
0.0310358 0.995891 -0.0850803 15.797 -0.999034 0.0335577 0.0283717 161.712 0.0311102 0.0841176 0.99597 -4.75784
0.0263678 0.996295 -0.0818584 17.8114 -0.999584 0.0272318 0.00945507 161.692 0.0116492 0.0815751 0.996599 -4.60682
0.0180353 0.995929 -0.088317 19.9091 -0.999795 0.0187817 0.00762745 161.613 0.00925514 0.0881613 0.996063 -4.44599
0.0139864 0.996055 -0.0876309 22.1939 -0.999892 0.0143305 0.00329881 161.556 0.00454159 0.0875753 0.996148 -4.26696
0.0137344 0.996211 -0.0858763 24.4084 -0.999796 0.0149556 0.0135938 161.484 0.0148266 0.0856721 0.996213 -4.09069
0.0305029 0.996215 -0.0813911 26.7965 -0.999487 0.0296065 -0.0121986 161.407 -0.0097427 0.0817214 0.996608 -4.07419
0.0419315 0.995679 -0.0828613 29.1246 -0.999073 0.040979 -0.0131627 161.452 -0.00971021 0.0833364 0.996474 -3.89913
0.0455095 0.99546 -0.0835957 31.1014 -0.998959 0.0451005 -0.00677522 161.447 -0.00297426 0.083817 0.996477 -3.76277
0.0455199 0.995295 -0.0855341 33.1317 -0.998953 0.0449535 -0.00853852 161.504 -0.00465329 0.0858332 0.996299 -3.60639
0.0440133 0.995213 -0.0872599 35.1546 -0.999026 0.0441262 -0.000635669 161.525 0.00321782 0.0872029 0.996185 -3.44916
0.0398164 0.995753 -0.0830041 37.3092 -0.999168 0.0404077 0.00545389 161.528 0.00878472 0.082718 0.996534 -3.30989
0.037463 0.995736 -0.0843023 39.4092 -0.999278 0.0378625 0.00314462 161.544 0.0063231 0.0841236 0.996435 -3.19844
0.0349151 0.995775 -0.084924 41.5533 -0.999384 0.03509 0.000567194 161.541 0.00354477 0.0848519 0.996387 -3.04954
0.0286583 0.996501 -0.078517 43.8135 -0.999522 0.0294816 0.00934615 161.546 0.0116282 0.0782116 0.996869 -2.94606
0.0240237 0.99645 -0.0806833 46.0478 -0.999588 0.0252114 0.0137342 161.48 0.0157196 0.0803201 0.996645 -2.79646
0.0184761 0.99692 -0.0762134 48.3336 -0.999816 0.0188072 0.00362901 161.453 0.00505119 0.0761324 0.997085 -2.56847
0.014975 0.997537 -0.0685176 50.5985 -0.999887 0.0150162 8.75369e-05 161.433 0.0011162 0.0685086 0.99765 -2.37361
0.0120614 0.997274 -0.0727959 52.8105 -0.99992 0.0123127 0.00300481 161.361 0.00389293 0.0727538 0.997342 -2.29636
0.0117624 0.997141 -0.0746394 54.9044 -0.999931 0.0117506 -0.000597563 161.28 0.000281204 0.0746412 0.99721 -2.10101
0.0157302 0.997312 -0.0715683 57.0193 -0.999779 0.0146893 -0.0150481 161.207 -0.0139564 0.0717892 0.997322 -2.05075
0.0193984 0.997921 -0.0614664 58.9849 -0.999702 0.0184491 -0.0159737 161.158 -0.0148065 0.0617579 0.997981 -1.95002
0.0194466 0.996809 -0.0774142 61.0836 -0.999698 0.018222 -0.0164945 161.084 -0.0150312 0.0777115 0.996863 -1.85589
0.0203403 0.99749 -0.0678267 63.1802 -0.999399 0.0183805 -0.0293941 161.037 -0.0280736 0.0683839 0.997264 -1.75737
0.0210532 0.998078 -0.05829 65.2682 -0.999441 0.019495 -0.0271735 160.967 -0.0259849 0.0588295 0.99793 -1.59749
0.0193628 0.996371 -0.0828844 67.3341 -0.999605 0.0176044 -0.0218942 160.939 -0.0203556 0.0832756 0.996319 -1.49887
0.021862 0.996349 -0.0825226 69.4637 -0.999572 0.020178 -0.0211859 160.891 -0.0194434 0.0829504 0.996364 -1.32985
0.0223104 0.995387 -0.0933112 71.4829 -0.999496 0.0200972 -0.0245911 160.891 -0.0226024 0.0938128 0.995333 -1.16841
0.0197102 0.996008 -0.0870634 73.5947 -0.999568 0.017732 -0.023437 160.817 -0.0217996 0.0874877 0.995927 -1.00115
0.0207075 0.997329 -0.0700395 75.6056 -0.999724 0.0198765 -0.0125416 160.811 -0.0111159 0.0702799 0.997465 -0.872485
0.0165813 0.997517 -0.0684504 77.6099 -0.999846 0.0169303 0.00452204 160.743 0.0056697 0.0683649 0.997644 -0.718316
0.0139583 0.997239 -0.0729331 79.617 -0.999902 0.0139015 -0.00128618 160.666 -0.000268754 0.0729439 0.997336 -0.648582
0.0143455 0.99812 -0.0595808 81.5744 -0.999895 0.0141933 -0.00297692 160.672 -0.00212568 0.0596173 0.998219 -0.509013
0.0160081 0.997634 -0.0668537 83.5459 -0.999743 0.0148988 -0.0170575 160.598 -0.0160212 0.0671096 0.997617 -0.427669
0.0111852 0.997919 -0.0634941 85.5154 -0.9999 0.0106151 -0.00930897 160.525 -0.00861561 0.0635919 0.997939 -0.265755
0.00958771 0.997201 -0.0741463 87.4714 -0.999952 0.00940198 -0.00285391 160.466 -0.0021488 0.0741701 0.997243 -0.281324
0.00926864 0.998279 -0.057911 89.4452 -0.99992 0.00875467 -0.00912273 160.379 -0.00860003 0.0579909 0.99828 -0.119501
0.00976527 0.99747 -0.0704211 91.3928 -0.999704 0.00816834 -0.0229298 160.313 -0.0222966 0.0706241 0.997254 -0.0695567
0.00992006 0.998219 -0.058825 93.4035 -0.999904 0.00933069 -0.0102856 160.204 -0.00971843 0.0589214 0.998215 0.0276047
0.0143145 0.997442 -0.0700351 95.2991 -0.999725 0.0129752 -0.0195403 160.161 -0.0185816 0.0702955 0.997353 0.166981
0.0167162 0.997205 -0.0728179 97.2062 -0.999728 0.0154855 -0.0174333 160.106 -0.0162569 0.0730896 0.997193 0.246989
0.0183641 0.996723 -0.0787782 99.1124 -0.999558 0.0164581 -0.0247752 160.025 -0.0233975 0.0791983 0.996584 0.323681
0.0225549 0.996697 -0.0780122 100.967 -0.999577 0.0210478 -0.0200868 159.959 -0.0183784 0.0784322 0.99675 0.53757
0.0317768 0.996426 -0.0782717 103.175 -0.999378 0.0304773 -0.0177429 159.94 -0.015294 0.0787869 0.996774 0.60088
0.0360466 0.997278 -0.0643234 105.424 -0.999284 0.0352316 -0.013759 159.913 -0.0114554 0.0647734 0.997834 0.764542
0.0400831 0.996773 -0.0695507 107.537 -0.999163 0.039418 -0.0109098 159.863 -0.00813308 0.0699298 0.997519 0.884342
0.0438293 0.996409 -0.072446 109.546 -0.999033 0.0434561 -0.00671962 159.904 -0.00354726 0.0726704 0.99735 0.982535
0.0451971 0.996522 -0.0700125 111.59 -0.998974 0.0448802 -0.00609279 159.898 -0.00292942 0.0702161 0.997527 1.15099
0.0476819 0.996468 -0.0691164 113.94 -0.998846 0.0479618 0.00239576 159.88 0.00570225 0.0689225 0.997606 1.18241
0.0547842 0.995819 -0.073096 116.047 -0.998445 0.0553923 0.00631604 159.896 0.0103386 0.0726363 0.997305 1.35813
0.0552939 0.995924 -0.0712602 118.225 -0.998437 0.0557281 0.00411905 159.943 0.00807346 0.0709211 0.997449 1.48934
0.0379707 0.99733 -0.0623793 120.136 -0.999265 0.0382258 0.00290009 159.898 0.00527685 0.0622233 0.998048 1.62147
-0.0241994 0.997237 -0.0702288 121.888 -0.999701 -0.0238882 0.00526711 159.692 0.00357492 0.0703353 0.997517 1.75611
-0.137174 0.988539 -0.0630396 123.71 -0.990528 -0.137286 0.00256568 159.399 -0.00611817 0.0627944 0.998008 1.88687
-0.291116 0.95473 -0.0611649 125.332 -0.956642 -0.291131 0.00887163 158.873 -0.00933698 0.0610956 0.998088 1.99514
-0.475863 0.877422 -0.0606973 126.648 -0.879282 -0.476202 0.00967932 158.099 -0.0204114 0.0579761 0.998109 2.05864
-0.664687 0.743172 -0.0767241 127.876 -0.745861 -0.666021 0.0103734 157.056 -0.0433906 0.0641205 0.996998 2.08343
-0.801637 0.593597 -0.0708564 128.787 -0.596592 -0.801928 0.0314449 155.85 -0.0381562 0.0674798 0.996991 2.17376
-0.897216 0.437742 -0.0581855 129.493 -0.440032 -0.897317 0.0345603 154.53 -0.0370823 0.0566116 0.997707 2.23093
-0.960199 0.27445 -0.0519101 129.949 -0.275833 -0.960964 0.0215272 152.988 -0.0439756 0.0349889 0.99842 2.20993
-0.987562 0.149983 -0.0471783 130.265 -0.151782 -0.987714 0.0371887 151.193 -0.041021 0.043887 0.998194 2.32651
-0.995707 0.0853583 -0.0357987 130.389 -0.0865271 -0.99572 0.0324786 149.301 -0.0328731 0.0354368 0.998831 2.28881
-0.997261 0.0628441 -0.0389908 130.506 -0.0643426 -0.997187 0.0384462 147.282 -0.036465 0.0408497 0.9985 2.31224
-0.997511 0.0629813 -0.0316997 130.549 -0.0640889 -0.997322 0.0352277 145.178 -0.0293962 0.0371716 0.998876 2.30968
-0.997442 0.0606429 -0.0378293 130.619 -0.0619241 -0.997513 0.0336675 143.095 -0.0356936 0.0359239 0.998717 2.31696
-0.997831 0.0509187 -0.0417313 130.622 -0.0523858 -0.998019 0.0348507 140.758 -0.0398741 0.0369612 0.998521 2.35977
-0.99885 0.0389558 -0.0279551 130.604 -0.0398178 -0.998727 0.0309703 138.809 -0.0267131 0.0320478 0.999129 2.40442
-0.999116 0.0333067 -0.025665 130.617 -0.0339998 -0.999055 0.0270623 136.808 -0.0247394 0.0279109 0.999304 2.49338
-0.999249 0.030629 -0.023727 130.578 -0.0312651 -0.999148 0.0269206 134.777 -0.0228823 0.0276422 0.999356 2.50288
-0.999258 0.0281986 -0.0262229 130.57 -0.0290685 -0.999019 0.0334044 132.742 -0.0252553 0.0341419 0.999098 2.53531
-0.999426 0.0262069 -0.0214605 130.503 -0.026872 -0.999148 0.031311 130.601 -0.0206216 0.0318697 0.999279 2.61659
-0.999574 0.0221576 -0.0190086 130.489 -0.0227274 -0.999282 0.0303021 128.391 -0.0183235 0.0307212 0.99936 2.68829
-0.999269 0.0124915 -0.0361461 130.486 -0.013698 -0.999351 0.0333272 126.116 -0.0357063 0.0337979 0.998791 2.68638
-0.999838 0.0108218 -0.0144066 130.414 -0.01127 -0.999443 0.0314015 123.872 -0.0140587 0.0315587 0.999403 2.74987
-0.99978 -0.00184724 -0.0208977 130.28 0.00132439 -0.999686 0.0250058 121.574 -0.0209373 0.0249726 0.999469 2.76134
-0.999862 -0.00245034 -0.0164226 130.183 0.00198403 -0.999596 0.028351 119.236 -0.0164855 0.0283145 0.999463 2.7951
-0.999656 -0.00356861 -0.025976 130.046 0.00289445 -0.999659 0.0259446 117.295 -0.0260598 0.0258605 0.999326 2.90697
-0.999732 0.000591691 -0.0231152 129.968 -0.00121086 -0.99964 0.0267814 115.057 -0.023091 0.0268022 0.999374 2.96208
-0.999965 0.00407639 -0.00732049 129.868 -0.00426379 -0.999659 0.0257692 112.877 -0.00721295 0.0257995 0.999641 3.0337
-0.999714 0.0104195 -0.0215086 129.769 -0.0110095 -0.999561 0.0274971 110.79 -0.0212127 0.0277261 0.99939 3.02445
-0.999374 0.0293778 -0.0197049 129.747 -0.029914 -0.999174 0.0274936 108.508 -0.0188809 0.0280659 0.999428 3.03776
-0.998619 0.0484994 -0.0201902 129.779 -0.0490351 -0.998434 0.0269394 106.287 -0.018852 0.0278922 0.999433 3.10294
-0.998375 0.0559933 -0.0105323 129.82 -0.0562597 -0.998051 0.0269791 104.078 -0.00900116 0.0275278 0.999581 3.13417
-0.99825 0.0582561 -0.0101568 129.856 -0.0585322 -0.997852 0.0294195 102.106 -0.00842116 0.0299626 0.999516 3.24655
-0.998223 0.0595578 -0.00190887 129.894 -0.0595879 -0.997831 0.0279815 100.006 -0.000238206 0.0280456 0.999607 3.27278
-0.998153 0.0600293 -0.00931384 129.977 -0.0602516 -0.99785 0.0257776 97.7149 -0.00774641 0.0262911 0.999624 3.30795
-0.998273 0.0584494 -0.0058521 130.019 -0.0585824 -0.997945 0.0259513 95.3583 -0.00432324 0.0262493 0.999646 3.31244
-0.998223 0.0560898 -0.0201001 130.07 -0.0566409 -0.998002 0.0279883 93.3836 -0.0184901 0.0290771 0.999406 3.35929
-0.998394 0.0505264 -0.025599 130.099 -0.05127 -0.998255 0.029277 91.0235 -0.0240751 0.0305425 0.999243 3.44579
-0.999063 0.0416895 -0.0116533 130.123 -0.0419842 -0.998772 0.0262989 88.6768 -0.0105426 0.0267635 0.999586 3.41818
-0.99944 0.029456 -0.0159049 130.154 -0.0298052 -0.99931 0.0221873 86.3815 -0.0152403 0.0226489 0.999627 3.47011
-0.999657 0.0198613 -0.0170603 130.126 -0.0202921 -0.99947 0.0254639 84.1358 -0.0165455 0.0258014 0.99953 3.51695
-0.999721 0.00748193 -0.0224172 130.04 -0.00799934 -0.999701 0.023081 81.9101 -0.0222379 0.0232539 0.999482 3.5625
-0.999712 -0.000898734 -0.0239582 129.954 0.000441543 -0.999818 0.0190813 79.6105 -0.023971 0.0190652 0.999531 3.64305
-0.999473 -0.01037 -0.0307675 129.877 0.009812 -0.999786 0.0182317 77.3395 -0.03095 0.0179202 0.99936 3.6097
-0.999486 -0.0183064 -0.0263207 129.765 0.0178788 -0.999706 0.0163881 75.0371 -0.0266129 0.0159091 0.999519 3.55879
-0.999272 -0.0226893 -0.0306712 129.61 0.0223215 -0.999676 0.0122802 73.0464 -0.0309399 0.0115867 0.999454 3.57832
-0.999018 -0.011455 -0.0428032 129.541 0.0107109 -0.999788 0.0175739 71.138 -0.0429955 0.0170982 0.998929 3.62549
-0.9989 0.00882419 -0.0460473 129.387 -0.00960454 -0.999814 0.0167529 69.131 -0.0458909 0.0171767 0.998799 3.61713
-0.998249 0.0314355 -0.0501033 129.359 -0.0322458 -0.999361 0.0154468 67.1326 -0.0495857 0.0170354 0.998625 3.62778
-0.997674 0.0509926 -0.0452477 129.413 -0.0518066 -0.998513 0.0170014 65.1981 -0.0443135 0.019306 0.998831 3.65045
-0.997232 0.0594682 -0.0446211 129.497 -0.0604674 -0.997941 0.0213884 63.1737 -0.0432573 0.0240273 0.998775 3.62448
-0.997157 0.0603322 -0.045141 129.542 -0.0612916 -0.997916 0.0201789 61.121 -0.0438295 0.0228883 0.998777 3.70466
-0.997559 0.058798 -0.0376649 129.594 -0.0595381 -0.998048 0.0188388 59.0686 -0.0364837 0.0210354 0.999113 3.65061
-0.997588 0.0579019 -0.0382803 129.667 -0.0585476 -0.998157 0.0159666 56.9227 -0.0372853 0.0181693 0.999139 3.68753
-0.997569 0.0566087 -0.0406296 129.689 -0.0573304 -0.998214 0.0168214 54.807 -0.0396047 0.0191098 0.999033 3.64662
-0.99771 0.0568189 -0.0366972 129.748 -0.0574232 -0.998227 0.0156269 52.6959 -0.0357442 0.0176983 0.999204 3.72308
-0.998253 0.0515797 -0.0288307 129.782 -0.0519309 -0.998584 0.011566 50.4968 -0.0281933 0.013043 0.999517 3.76207
-0.998424 0.0452916 -0.0331317 129.78 -0.045847 -0.998817 0.0162011 48.4095 -0.0323587 0.0176946 0.99932 3.7036
-0.99848 0.0403999 -0.0374998 129.777 -0.0410656 -0.999009 0.0171527 46.1699 -0.0367697 0.0186665 0.999149 3.74244
-0.998533 0.0386627 -0.0379249 129.784 -0.0393422 -0.999076 0.0173389 43.9645 -0.0372194 0.0188055 0.99913 3.72368
-0.99864 0.0351875 -0.038469 129.769 -0.0356958 -0.999283 0.0126074 41.7539 -0.0379978 0.0139634 0.99918 3.74984
-0.998016 0.0339448 -0.0530248 129.76 -0.0345612 -0.999345 0.0107499 39.4821 -0.0526252 0.0125611 0.998535 3.71195
-0.998894 0.0315655 -0.0348508 129.723 -0.0323301 -0.999244 0.0215966 37.2341 -0.0341428 0.0226994 0.999159 3.74805
-0.998753 0.0325577 -0.0378539 129.709 -0.0332414 -0.999293 0.0175741 34.9204 -0.0372549 0.0188105 0.999129 3.73666
-0.998807 0.0311863 -0.0375647 129.685 -0.0319549 -0.999288 0.0200349 32.6494 -0.0369131 0.0212114 0.999093 3.74514
-0.999093 0.030681 -0.0295242 129.646 -0.0309907 -0.999469 0.0100876 30.2382 -0.0291991 0.0109934 0.999513 3.76119
-0.999533 0.0268526 -0.0145639 129.623 -0.0271413 -0.999431 0.0199981 27.9104 -0.0140186 0.0203841 0.999694 3.79699
-0.999534 0.0187622 -0.0240943 129.639 -0.0192328 -0.999626 0.0194513 25.3961 -0.0237203 0.0199057 0.99952 3.79537
-0.999521 0.00690328 -0.0301648 129.559 -0.00743356 -0.999819 0.0175027 23.5313 -0.0300385 0.0177185 0.999392 3.72699
-0.999281 -0.00632747 -0.0373953 129.434 0.0057214 -0.999851 0.0162918 21.5772 -0.0374928 0.0160661 0.999168 3.83831
-0.997765 -0.0181885 -0.0642926 129.343 0.0179628 -0.99983 0.00408698 19.6547 -0.064356 0.00292298 0.997923 3.773
-0.997689 -0.0298791 -0.0610205 129.186 0.0290989 -0.999483 0.0136357 17.7246 -0.0613964 0.0118285 0.998043 3.75419
-0.996931 -0.0431651 -0.0653106 129.014 0.0422614 -0.998992 0.0151575 15.7555 -0.065899 0.0123509 0.99775 3.76502
-0.995978 -0.053587 -0.0718124 128.762 0.0522853 -0.998434 0.019887 13.7477 -0.0727657 0.0160523 0.99722 3.78146
-0.995508 -0.0563967 -0.0760466 128.574 0.0553191 -0.998337 0.0162042 11.6847 -0.076834 0.0119246 0.996973 3.74537
-0.993663 -0.0613202 -0.0941949 128.402 0.060368 -0.998092 0.0129273 9.86427 -0.0948079 0.007159 0.99547 3.66613
-0.994547 -0.0635793 -0.0826698 128.135 0.0622497 -0.997888 0.0185649 7.94181 -0.0836756 0.0133174 0.996404 3.6441
-0.99493 -0.0550918 -0.0841391 127.926 0.0537689 -0.998393 0.0179103 5.9952 -0.0849906 0.0132954 0.996293 3.64635
-0.995741 -0.0453848 -0.0802496 127.664 0.0442191 -0.99889 0.0162444 4.04708 -0.0808978 0.0126267 0.996642 3.7389
-0.9959 -0.0325117 -0.0844208 127.586 0.0307918 -0.999292 0.0215967 2.21247 -0.0850633 0.0189086 0.996196 3.63974
-0.997306 -0.0185572 -0.0709684 127.445 0.0175445 -0.999735 0.0148665 0.318131 -0.0712255 0.0135814 0.997368 3.70964
-0.997894 -0.00451675 -0.0647125 127.353 0.00344044 -0.999854 0.0167341 -1.52484 -0.0647786 0.0164762 0.997764 3.78216
-0.996498 0.00551686 -0.0834309 127.274 -0.00618002 -0.999951 0.00769244 -3.92689 -0.0833844 0.00818111 0.996484 3.7243
-0.997065 0.00652835 -0.0762819 127.219 -0.0073944 -0.999911 0.0110764 -6.28025 -0.0762028 0.011608 0.997025 3.72268
-0.99658 0.00360258 -0.0825594 127.116 -0.0045541 -0.999925 0.0113398 -8.27297 -0.0825123 0.011677 0.996522 3.71018
-0.997117 -0.00541007 -0.0756831 127.056 0.00437093 -0.999894 0.0138891 -10.2388 -0.0757502 0.0135183 0.997035 3.72167
-0.997029 -0.040514 -0.0655062 126.998 0.0387877 -0.998871 0.0274128 -12.2246 -0.0665428 0.0247905 0.997476 3.73259
-0.981018 -0.188767 -0.0443948 126.989 0.18795 -0.981933 0.021957 -14.1422 -0.0477375 0.0131962 0.998773 3.80742
-0.87431 -0.483728 -0.0398513 126.363 0.483126 -0.875216 0.0241993 -15.6241 -0.0465843 0.00190446 0.998913 3.79147
-0.634702 -0.771976 -0.0347398 125.102 0.771506 -0.635591 0.0283351 -16.5014 -0.0439543 -0.00881766 0.998995 3.67303
-0.336301 -0.94137 -0.0269103 123.37 0.939967 -0.337285 0.0519622 -17.0283 -0.0579921 -0.00781984 0.998286 3.66222
-0.122703 -0.991933 -0.031831 121.365 0.992231 -0.123278 0.0167591 -17.1965 -0.0205479 -0.0295273 0.999353 3.59545
-0.071017 -0.997009 -0.030482 119.111 0.997319 -0.071514 0.0155343 -17.2833 -0.0176678 -0.0292971 0.999415 3.60523
-0.0565522 -0.997762 -0.0356731 116.907 0.997729 -0.0577879 0.0346151 -17.2929 -0.0365991 -0.0336345 0.998764 3.39568
-0.048502 -0.997885 -0.0432742 114.527 0.998445 -0.0496304 0.0253931 -17.3039 -0.0274871 -0.0419752 0.99874 3.314
-0.047222 -0.998146 -0.038413 112.338 0.998728 -0.04786 0.0158643 -17.3171 -0.0176733 -0.037615 0.999136 3.17366
-0.0501142 -0.997939 -0.0400878 110.047 0.998642 -0.0506403 0.0122176 -17.4026 -0.0142224 -0.0394211 0.999121 3.06052
-0.0533711 -0.997659 -0.0427496 107.673 0.998255 -0.0543882 0.0229914 -17.4259 -0.0252626 -0.041448 0.998821 2.86935
-0.0596272 -0.997048 -0.0483738 105.201 0.998101 -0.0603019 0.0126081 -17.42 -0.0154879 -0.0475301 0.99875 2.78451
-0.0623022 -0.996726 -0.0515275 103.157 0.99786 -0.0632348 0.0166689 -17.4669 -0.0198726 -0.0503787 0.998532 2.62863
-0.0641767 -0.996929 -0.0448802 101.226 0.99772 -0.0650396 0.0180369 -17.509 -0.0209005 -0.0436203 0.99883 2.52823
-0.0622481 -0.997024 -0.0454814 99.0235 0.997554 -0.0636046 0.0290095 -17.5615 -0.0318159 -0.0435643 0.998544 2.4563
-0.0619769 -0.997228 -0.0411653 96.9484 0.997411 -0.0633901 0.033959 -17.5931 -0.0364743 -0.0389541 0.998575 2.28941
-0.062156 -0.996836 -0.0495492 94.701 0.997395 -0.0638589 0.0335577 -17.6601 -0.0366156 -0.0473343 0.998208 2.1581
-0.0625848 -0.996437 -0.0565339 92.5638 0.997581 -0.064173 0.0267271 -17.6821 -0.0302598 -0.0547244 0.998043 2.03894
-0.0627632 -0.996872 -0.0480266 90.3248 0.997547 -0.064155 0.0280079 -17.7145 -0.0310014 -0.0461509 0.998453 1.84646
-0.063044 -0.996916 -0.0467384 88.0671 0.997449 -0.06451 0.0305513 -17.7885 -0.0334722 -0.0446931 0.99844 1.69445
-0.0627158 -0.996685 -0.0518199 85.7353 0.997417 -0.0644144 0.0317854 -17.8505 -0.035018 -0.0496926 0.99815 1.54654
-0.0618237 -0.996795 -0.0507612 83.4179 0.997564 -0.063357 0.029172 -17.8754 -0.0322946 -0.0488341 0.998285 1.3556
-0.0632013 -0.996699 -0.0509515 81.1577 0.997298 -0.0649898 0.0342423 -17.9249 -0.0374406 -0.0486497 0.998114 1.31385
-0.0632868 -0.996933 -0.0460389 78.7386 0.997136 -0.065079 0.0385296 -17.9641 -0.0414076 -0.0434687 0.998196 1.09755
-0.06293 -0.99649 -0.0552029 76.353 0.997438 -0.0646824 0.0305533 -17.9822 -0.0340167 -0.0531388 0.998008 1.10713
-0.061502 -0.996989 -0.047224 73.8825 0.997258 -0.0633314 0.0382707 -18.0448 -0.0411462 -0.0447408 0.998151 0.881251
-0.0600816 -0.996599 -0.0563975 71.3898 0.997575 -0.0619375 0.0317544 -18.1015 -0.0351396 -0.0543528 0.997903 0.740637
-0.0596691 -0.99695 -0.0503012 68.9252 0.997679 -0.0612167 0.0298089 -18.1695 -0.0327973 -0.0484058 0.998289 0.563681
-0.0622139 -0.996526 -0.0553591 66.4129 0.997699 -0.0635923 0.023495 -18.2016 -0.0269338 -0.05377 0.99819 0.416204
-0.0627218 -0.997145 -0.0420548 63.8046 0.997659 -0.0637935 0.0246443 -18.2472 -0.0272567 -0.0404106 0.998811 0.247883
-0.0626123 -0.997007 -0.0453452 61.2653 0.997828 -0.0634657 0.0176307 -18.2929 -0.0204558 -0.0441428 0.998816 0.0535222
-0.0628284 -0.996697 -0.0514606 58.5763 0.997354 -0.0645925 0.0333655 -18.3436 -0.0365792 -0.0492281 0.998118 -0.091573
-0.0624704 -0.996413 -0.0570861 56.0139 0.997446 -0.0643144 0.0310528 -18.3622 -0.0346129 -0.0550004 0.997886 -0.262808
-0.0636572 -0.995953 -0.0634488 54.1256 0.997165 -0.0660328 0.0360735 -18.4101 -0.0401172 -0.0609726 0.997333 -0.408248
-0.0628281 -0.996394 -0.0570161 51.4683 0.997454 -0.0646211 0.0301674 -18.4415 -0.033743 -0.0549756 0.997917 -0.571048
-0.0632547 -0.996453 -0.0554919 48.7028 0.997482 -0.0649112 0.0285729 -18.5281 -0.0320736 -0.0535448 0.99805 -0.744364
-0.0614381 -0.996882 -0.0495054 46.0402 0.997773 -0.0626323 0.0229416 -18.5579 -0.0259707 -0.0479857 0.99851 -0.895963
-0.060427 -0.996577 -0.0564158 43.3454 0.998109 -0.0609672 0.00790319 -18.5933 -0.0113156 -0.0558315 0.998376 -1.16074
-0.0568156 -0.996715 -0.0577199 40.6207 0.998195 -0.0578355 0.0161535 -18.6192 -0.0194387 -0.056698 0.998202 -1.32293
-0.0539728 -0.997439 -0.0469244 38.0377 0.998391 -0.0547222 0.0148331 -18.629 -0.017363 -0.0460484 0.998788 -1.39845
-0.0493602 -0.997232 -0.0556114 35.3783 0.99824 -0.0510888 0.0301022 -18.6727 -0.03286 -0.0540277 0.997999 -1.62307
-0.0460531 -0.997885 -0.0458656 32.8231 0.998437 -0.0474361 0.0295355 -18.6708 -0.0316488 -0.0444337 0.998511 -1.78715
-0.0438675 -0.998037 -0.0447071 30.3237 0.998581 -0.0451566 0.0282438 -18.6562 -0.0302072 -0.0434046 0.998601 -1.89795
-0.0402356 -0.997592 -0.0564934 27.9116 0.998502 -0.0422421 0.0347816 -18.7156 -0.0370843 -0.0550093 0.997797 -2.11825
-0.040398 -0.998055 -0.0474734 25.4855 0.998679 -0.0418425 0.029838 -18.7027 -0.0317664 -0.0462052 0.998427 -2.20136
-0.0388 -0.997707 -0.0554496 23.2256 0.998844 -0.0403007 0.0262078 -18.7197 -0.0283824 -0.0543686 0.998117 -2.33459
-0.041012 -0.99801 -0.0479001 20.9335 0.99872 -0.0423669 0.0276198 -18.7223 -0.0295942 -0.0467061 0.99847 -2.47518
-0.0436708 -0.997505 -0.0554705 18.7305 0.998643 -0.0451627 0.0259329 -18.7281 -0.0283734 -0.0542627 0.998123 -2.61762
-0.0468701 -0.997371 -0.0552615 16.6648 0.998337 -0.0486308 0.0309584 -18.736 -0.0335644 -0.0537186 0.997992 -2.73741
-0.0485365 -0.997385 -0.0535434 14.7353 0.99847 -0.0498723 0.0238991 -18.7344 -0.0265069 -0.0523015 0.99828 -2.8408
-0.0502609 -0.997285 -0.0538219 12.8288 0.998199 -0.0519289 0.0300554 -18.7499 -0.0327687 -0.0522144 0.998098 -2.96491
-0.048795 -0.997205 -0.0565827 10.581 0.998236 -0.0506067 0.0310413 -18.767 -0.033818 -0.0549682 0.997915 -3.13581
-0.0227035 -0.998071 -0.0577909 8.57616 0.999557 -0.0237739 0.0179019 -18.6373 -0.0192412 -0.0573588 0.998168 -3.17678
0.036778 -0.997758 -0.0559073 6.8499 0.999213 0.0358834 0.016923 -18.429 -0.0148789 -0.0564857 0.998293 -3.29044
0.15867 -0.985988 -0.0514948 5.16315 0.98726 0.157814 0.0203103 -18.0306 -0.0118991 -0.0540614 0.998467 -3.466
0.323646 -0.944684 -0.0531565 3.82328 0.946067 0.32396 0.00284493 -17.4382 0.014533 -0.0512104 0.998582 -3.60701
0.500425 -0.864185 -0.0525308 2.48931 0.86562 0.500577 0.0111587 -16.5992 0.0166525 -0.0510558 0.998557 -3.68597
0.668449 -0.740292 -0.0717165 1.40302 0.742112 0.670273 -0.00186635 -15.5856 0.0494513 -0.0519742 0.997423 -3.70014
0.840668 -0.537308 -0.0676522 0.48936 0.538187 0.842804 -0.00603242 -14.2239 0.0602588 -0.0313383 0.997691 -3.77294
0.953189 -0.297985 -0.0513455 0.027468 0.298211 0.954494 -0.00337686 -12.6577 0.0500152 -0.012093 0.998675 -3.85315
0.998858 0.0207893 -0.0430271 -0.0837719 -0.021748 0.999523 -0.0219324 -10.5936 0.0425506 0.0228431 0.998833 -3.89493
0.99153 0.123786 -0.0393151 0.0891308 -0.124936 0.991762 -0.0282623 -8.61818 0.0354928 0.0329347 0.998827 -3.7893
0.994016 0.105035 -0.0300025 0.323845 -0.105899 0.993959 -0.0288368 -6.71547 0.0267924 0.0318414 0.999134 -3.72288
0.999214 0.0365124 -0.015414 0.456811 -0.0370527 0.998652 -0.0363523 -4.88702 0.0140659 0.0368948 0.99922 -3.6136
0.998794 -0.0484868 -0.00771824 0.509777 0.0481969 0.998255 -0.0341268 -2.85715 0.00935947 0.0337136 0.999388 -3.61024
0.991941 -0.126689 -0.00165389 0.396112 0.126557 0.991362 -0.034416 -0.73308 0.00599972 0.0339293 0.999406 -3.64938
0.984019 -0.17803 -0.00357242 0.221529 0.177776 0.983365 -0.037261 1.13755 0.0101466 0.0360304 0.999299 -3.60515
0.979986 -0.198989 0.00555683 -0.0300475 0.199063 0.979438 -0.0328019 3.15327 0.00108464 0.0332516 0.999446 -3.6171
0.979148 -0.202948 0.00906736 -0.363162 0.203118 0.978812 -0.0258918 5.13673 -0.00362056 0.0271936 0.999624 -3.58887
0.979071 -0.203478 -0.00401725 -0.632622 0.203409 0.979004 -0.0132772 7.19515 0.00663452 0.0121822 0.999904 -3.62332
0.982621 -0.185395 0.0092003 -0.919996 0.185498 0.98257 -0.0120811 9.21336 -0.00680018 0.0135778 0.999885 -3.52656
0.987978 -0.154573 0.00242986 -1.15668 0.154592 0.987875 -0.014277 11.2503 -0.000193561 0.014481 0.999895 -3.46462
0.992416 -0.12292 -0.00100655 -1.30764 0.122886 0.992281 -0.0166631 13.3355 0.00304701 0.016413 0.999861 -3.42348
0.996038 -0.0884094 0.0095602 -1.43594 0.088552 0.995948 -0.0156861 15.5066 -0.00813466 0.0164706 0.999831 -3.4019
0.998109 -0.0610777 0.00688077 -1.50196 0.0611949 0.997957 -0.0183398 17.6173 -0.00574657 0.0187262 0.999808 -3.40594
0.999027 -0.043699 0.0060061 -1.53774 0.0438052 0.998862 -0.0188641 19.8271 -0.00517493 0.0191089 0.999804 -3.40642
0.999108 -0.0396587 0.0144931 -1.52329 0.039881 0.999086 -0.0153834 21.9734 -0.0138698 0.0159477 0.999777 -3.40656
0.999159 -0.0395621 -0.0107663 -1.48549 0.0394142 0.99913 -0.0136164 24.2047 0.0112956 0.0131806 0.999849 -3.45308
0.999059 -0.0417692 -0.0116444 -1.45836 0.0415677 0.99899 -0.0170399 26.4101 0.0123444 0.0165398 0.999787 -3.46341
0.998946 -0.0443425 -0.0118922 -1.45665 0.0441664 0.998916 -0.0146852 28.6989 0.0125305 0.0141445 0.999821 -3.39235
0.998634 -0.051205 -0.0103713 -1.44408 0.0510925 0.998635 -0.0108293 30.9895 0.0109117 0.0102846 0.999888 -3.44231
0.998155 -0.058776 -0.0152126 -1.50954 0.0585761 0.998195 -0.0132708 33.3231 0.0159651 0.0123552 0.999796 -3.41063
0.997554 -0.0668925 -0.0202598 -1.54168 0.0667557 0.997742 -0.00735374 35.6471 0.0207059 0.0059833 0.999768 -3.40126
0.997222 -0.0736819 -0.0109051 -1.61733 0.0735196 0.997187 -0.0146019 38.0416 0.0119503 0.0137596 0.999834 -3.45565
0.996747 -0.0802401 -0.00748646 -1.70768 0.0800899 0.996615 -0.018567 40.5047 0.00895094 0.0179071 0.9998 -3.43407
0.995979 -0.0878161 -0.0177136 -1.81281 0.0875352 0.996032 -0.0160567 42.9609 0.0190534 0.0144415 0.999714 -3.37893
0.995526 -0.093607 -0.0128745 -1.92847 0.0934787 0.995569 -0.010228 45.3047 0.0137748 0.00897872 0.999865 -3.441
0.995281 -0.0968228 -0.006348 -2.05892 0.0967542 0.995254 -0.0103564 47.6562 0.00732061 0.00969333 0.999926 -3.39823
0.99504 -0.0994056 0.00375712 -2.22255 0.0994282 0.995024 -0.00639712 49.9582 -0.00310251 0.00673896 0.999972 -3.36674
0.99505 -0.0992913 0.00409561 -2.35562 0.0993332 0.994985 -0.0117414 52.1481 -0.00290925 0.0120901 0.999923 -3.41489
0.994991 -0.0996127 -0.0083985 -2.46487 0.0994593 0.994896 -0.0170409 54.4455 0.0100531 0.0161203 0.99982 -3.39554
0.995187 -0.0979308 -0.00360408 -2.55935 0.0978914 0.995148 -0.00983669 56.5441 0.00454991 0.00943653 0.999945 -3.36888
0.995078 -0.0986282 -0.00956764 -2.7211 0.0984917 0.995042 -0.0138211 58.7021 0.0108833 0.0128107 0.999859 -3.3941
0.99465 -0.0980538 -0.0325228 -2.88586 0.0977346 0.995149 -0.0112663 60.7328 0.0334698 0.00802743 0.999407 -3.45682
0.995925 -0.0826012 -0.0362125 -2.99265 0.0822478 0.99655 -0.0111437 62.6667 0.0370081 0.00811988 0.999282 -3.41991
0.998081 -0.0555729 -0.0273136 -3.06607 0.0553124 0.998417 -0.0102028 64.5799 0.0278373 0.00867243 0.999575 -3.39284
0.998608 -0.0328834 -0.0412404 -3.00271 0.0323124 0.999374 -0.0144378 66.5217 0.0416894 0.0130852 0.999045 -3.40832
0.999508 -0.0195777 -0.0244983 -2.95805 0.0192097 0.9997 -0.0151649 68.4942 0.0247878 0.0146868 0.999585 -3.44463
0.999431 -0.0113404 -0.0317609 -2.82639 0.010812 0.999801 -0.0167601 70.553 0.0319447 0.0164072 0.999355 -3.44638
0.999877 -0.0084958 -0.0131955 -2.73222 0.0082841 0.999837 -0.0160162 72.5326 0.0133294 0.0159049 0.999785 -3.3903
0.999851 -0.0114546 -0.0129129 -2.64561 0.0114101 0.999929 -0.00351849 74.5641 0.0129523 0.00337063 0.99991 -3.36673
0.999901 -0.0126584 -0.00613282 -2.55176 0.0126292 0.999909 -0.00478146 76.7288 0.00619278 0.00470354 0.99997 -3.41321
0.999828 -0.0160311 -0.00931564 -2.44101 0.0159297 0.999814 -0.0108509 78.8732 0.00948786 0.0107006 0.999898 -3.44857
0.999708 -0.0191956 -0.0146771 -2.37853 0.0189966 0.999727 -0.0135793 81.1243 0.0149337 0.0132966 0.9998 -3.43736
0.99947 -0.0297006 -0.0133097 -2.31478 0.0295052 0.999457 -0.0146475 83.3252 0.0137375 0.014247 0.999804 -3.41321
0.999214 -0.0391011 -0.00645367 -2.29651 0.039014 0.999153 -0.0131121 85.6447 0.0069609 0.01285 0.999893 -3.38768
0.998721 -0.0499989 -0.00755433 -2.2834 0.0498822 0.998644 -0.0149205 87.9314 0.0082901 0.0145246 0.99986 -3.382
0.998185 -0.0582783 -0.0151985 -2.30129 0.0582729 0.9983 -0.000794645 90.3299 0.015219 -9.24596e-05 0.999884 -3.47044
0.997675 -0.0671984 -0.0113479 -2.35752 0.067229 0.997735 0.00233125 92.706 0.0111655 -0.00308873 0.999933 -3.44305
0.997031 -0.0764609 -0.00909385 -2.40079 0.0764239 0.997066 -0.00434526 95.134 0.00939941 0.00363738 0.999949 -3.54371
0.996584 -0.0817463 -0.0117032 -2.46959 0.0817277 0.996653 -0.0020631 97.0512 0.0118327 0.00109958 0.999929 -3.50157
0.996158 -0.0860353 -0.016354 -2.5745 0.0860053 0.996291 -0.00252636 99.5388 0.0165107 0.00111012 0.999863 -3.50349
0.99614 -0.0876987 -0.00374635 -2.68272 0.0876998 0.996147 0.000148685 101.431 0.00371888 -0.000476665 0.999993 -3.51512
0.995857 -0.0899969 -0.0130099 -2.75712 0.0900069 0.995941 0.000184709 103.424 0.0129405 -0.00135492 0.999915 -3.5917
0.995895 -0.0882332 -0.0202195 -2.85106 0.0882133 0.9961 -0.00187272 105.357 0.0203059 8.13993e-05 0.999794 -3.60728
0.996113 -0.0866314 -0.015918 -2.9243 0.0866266 0.99624 -0.000994444 107.343 0.0159443 -0.000388342 0.999873 -3.58897
0.996331 -0.0834022 -0.0192006 -2.9748 0.0832527 0.996493 -0.00845871 109.348 0.0198388 0.00682917 0.99978 -3.65836
0.996793 -0.0781005 -0.0174244 -3.04395 0.0779826 0.996928 -0.00734694 111.325 0.0179447 0.00596458 0.999821 -3.62592
0.996859 -0.0770104 -0.0184607 -3.07855 0.0769381 0.997025 -0.00459686 113.404 0.0187598 0.0031621 0.999819 -3.59998
0.996955 -0.0761475 -0.0168091 -3.16492 0.076287 0.997055 0.00781504 115.459 0.0161645 -0.00907356 0.999828 -3.7012
0.996789 -0.0776259 -0.0196465 -3.23775 0.0776412 0.996981 1.6826e-05 118.146 0.0195859 -0.00154215 0.999807 -3.72775
0.996724 -0.0791893 -0.0164316 -3.31899 0.0791304 0.996855 -0.00420375 120.151 0.0167128 0.00288975 0.999856 -3.77363
0.996854 -0.0767115 -0.0199213 -3.35194 0.0768623 0.997018 0.00691715 122.231 0.0193313 -0.00842659 0.999778 -3.78921
0.997167 -0.0746001 -0.00963361 -3.40624 0.0746053 0.997213 0.000185472 124.199 0.00959293 -0.000903665 0.999954 -3.77632
0.997256 -0.0739082 -0.00430742 -3.45932 0.0738952 0.997261 -0.00311365 126.231 0.00452574 0.00278681 0.999986 -3.88264
0.997279 -0.0715118 -0.0178875 -3.51839 0.0715807 0.99743 0.00323878 128.236 0.0176099 -0.00451037 0.999835 -3.90887
0.997305 -0.0705523 -0.0201121 -3.58447 0.0704269 0.997493 -0.00687356 130.266 0.0205466 0.0054386 0.999774 -3.89158
0.997449 -0.0683798 -0.0204829 -3.63995 0.0683598 0.997659 -0.00167567 132.214 0.0205495 0.000271186 0.999789 -3.93709
0.997307 -0.0672251 -0.0293138 -3.69094 0.0673189 0.997729 0.00222364 134.109 0.0290978 -0.00419102 0.999568 -3.8792
0.997611 -0.0645547 -0.0246065 -3.73282 0.0646908 0.997894 0.00477612 136.097 0.0242464 -0.00635652 0.999686 -3.98742
0.997576 -0.0642968 -0.026617 -3.77407 0.0643223 0.997929 0.000101697 138.603 0.0265553 -0.00181351 0.999646 -3.95531
0.997712 -0.06198 -0.027009 -3.84023 0.0621272 0.998057 0.00464617 141.117 0.0266685 -0.00631353 0.999624 -3.99636
0.99791 -0.0611184 -0.0209844 -3.89489 0.061204 0.998119 0.00346527 143.454 0.0207331 -0.00474236 0.999774 -3.9996
0.998129 -0.051285 -0.0332992 -3.92632 0.0515822 0.998636 0.0081292 145.737 0.0328368 -0.00983163 0.999412 -3.96705
0.999202 -0.0247769 -0.031344 -4.00476 0.0249925 0.999666 0.00650645 147.792 0.0311723 -0.00728462 0.999487 -4.04219
0.999045 0.0375734 -0.0223047 -3.94839 -0.0374146 0.999272 0.00749648 149.781 0.0225702 -0.0066548 0.999723 -4.07881
0.990139 0.137819 -0.0251187 -3.76301 -0.137707 0.990454 0.00613531 151.702 0.0257245 -0.00261578 0.999666 -4.12441
0.957431 0.286683 -0.0337404 -3.23379 -0.28697 0.957932 -0.00390082 153.402 0.0312027 0.0134173 0.999423 -4.16612
0.88863 0.455622 -0.0523911 -2.54345 -0.456135 0.889908 0.00240892 155.01 0.0477207 0.0217567 0.998624 -4.12176
0.779393 0.62229 -0.0728104 -1.53708 -0.624118 0.781324 -0.00306431 156.173 0.0549817 0.0478306 0.997341 -4.10605
0.631009 0.770965 -0.0862656 -0.399391 -0.77336 0.633911 0.00841312 157.026 0.0611709 0.0614057 0.996237 -3.97432
0.424532 0.901423 -0.0849012 1.14095 -0.903814 0.427485 0.019395 157.692 0.0537771 0.0685011 0.996201 -3.90895
0.202691 0.974738 -0.0938177 2.88759 -0.978446 0.205457 0.0207348 157.98 0.0394865 0.0875929 0.995373 -3.82323
0.0830415 0.99074 -0.107417 4.80103 -0.996481 0.0837836 0.00240629 158.041 0.0113838 0.10684 0.994211 -3.68229
0.0533672 0.99287 -0.106584 6.88 -0.998564 0.0535587 -0.00106655 158.025 0.00464954 0.106488 0.994303 -3.49845
0.0375251 0.994378 -0.0990194 8.82939 -0.999178 0.0358158 -0.0189841 157.953 -0.0153309 0.0996504 0.994904 -3.30255
0.0186579 0.994847 -0.0996595 10.9767 -0.999711 0.0170499 -0.0169619 157.911 -0.0151754 0.0999471 0.994877 -3.06221
0.00158519 0.994989 -0.0999732 12.7637 -0.999868 -4.20809e-05 -0.0162724 157.868 -0.016195 0.0999858 0.994857 -2.84734
-0.00351787 0.993908 -0.110161 14.568 -0.999019 -0.00835502 -0.0434797 157.791 -0.0441352 0.1099 0.992962 -2.65945
-0.00798559 0.994766 -0.101865 16.3991 -0.999663 -0.0104562 -0.0237439 157.676 -0.0246848 0.101641 0.994515 -2.49946
-0.0051446 0.994893 -0.100801 18.5781 -0.998998 -0.00959587 -0.0437237 157.553 -0.0444677 0.100475 0.993945 -2.31181
-0.0157063 0.99539 -0.0946144 20.443 -0.998825 -0.0199584 -0.0441646 157.433 -0.0458493 0.0938096 0.994534 -2.15864
-0.0261307 0.994185 -0.104464 22.2216 -0.999271 -0.0288854 -0.0249451 157.278 -0.0278175 0.103737 0.994216 -2.02463
-0.0329645 0.995217 -0.0919568 24.1167 -0.99827 -0.037267 -0.0454697 157.139 -0.0486792 0.0902989 0.994724 -1.89883
-0.0220356 0.994678 -0.100652 26.303 -0.99798 -0.0278844 -0.0570771 157.016 -0.0595799 0.0991907 0.993283 -1.74031
-0.0159814 0.994712 -0.101457 28.119 -0.998636 -0.0209227 -0.0478267 156.849 -0.0496965 0.100554 0.99369 -1.68488
0.0107084 0.994834 -0.100954 30.2871 -0.999109 0.00652313 -0.0416969 156.801 -0.0408229 0.10131 0.994017 -1.43152
0.0363232 0.994127 -0.101939 32.4417 -0.999002 0.0334681 -0.0295804 156.748 -0.0259949 0.102912 0.994351 -1.25567
0.0504642 0.993487 -0.102161 34.5752 -0.998483 0.0479326 -0.0270866 156.781 -0.0220133 0.103373 0.994399 -1.08499
0.0581392 0.993109 -0.101751 36.3493 -0.998089 0.055687 -0.0267793 156.831 -0.0209286 0.103114 0.994449 -0.869386
0.074221 0.992809 -0.0939277 38.5629 -0.99683 0.0711529 -0.035607 156.893 -0.0286677 0.0962727 0.994942 -0.730051
0.0918362 0.990879 -0.0986119 40.4041 -0.995665 0.0899118 -0.0237937 156.991 -0.0147103 0.10037 0.994841 -0.550258
0.11066 0.98907 -0.0974429 42.2133 -0.993621 0.107958 -0.0325874 157.075 -0.0217114 0.100427 0.994707 -0.393496
0.124139 0.987749 -0.0945625 44.1228 -0.992219 0.122651 -0.021415 157.262 -0.00955445 0.0964852 0.995289 -0.259494
0.132559 0.987333 -0.0871834 45.9854 -0.991084 0.130844 -0.0251342 157.427 -0.0134084 0.0897379 0.995875 -0.0856772
0.132558 0.987479 -0.0855233 48.0748 -0.991155 0.131506 -0.0178373 157.585 -0.00636705 0.0871313 0.996176 0.0996379
0.131671 0.987815 -0.0829657 50.1816 -0.991026 0.129229 -0.0341787 157.769 -0.0230407 0.0867215 0.995966 0.236323
0.131899 0.988332 -0.0761686 52.3888 -0.990592 0.128594 -0.0468011 157.929 -0.0364602 0.0816251 0.995996 0.414399
0.128975 0.987008 -0.0958194 54.6158 -0.9909 0.124523 -0.0510995 158.107 -0.0385039 0.101538 0.994086 0.577445
0.127029 0.98839 -0.0833618 56.9193 -0.990782 0.12245 -0.0579343 158.304 -0.047054 0.0899527 0.994834 0.705874
0.122157 0.989642 -0.0754052 58.6657 -0.992018 0.119349 -0.0407069 158.485 -0.0312857 0.0797759 0.996322 0.870973
0.121363 0.988528 -0.0899066 60.4795 -0.991645 0.116757 -0.0548502 158.61 -0.0437237 0.0958122 0.994439 0.978955
0.119052 0.988293 -0.0954096 62.3136 -0.991869 0.114027 -0.0565064 158.731 -0.0449656 0.101361 0.993833 1.06417
0.117211 0.988086 -0.0997408 64.1199 -0.992286 0.112439 -0.0522135 158.871 -0.0403766 0.105091 0.993643 1.31914
0.117152 0.986756 -0.112196 65.9595 -0.992487 0.112314 -0.0485287 159.016 -0.0352848 0.117039 0.9925 1.4507
0.115301 0.988533 -0.0975117 67.8245 -0.99285 0.111635 -0.0422647 159.133 -0.0308943 0.101688 0.994337 1.61616
0.113441 0.989213 -0.0926786 69.6197 -0.993053 0.109956 -0.0418936 159.225 -0.0312511 0.0967872 0.994814 1.79499
0.105023 0.991418 -0.0778512 71.8947 -0.994411 0.10384 -0.0191039 159.362 -0.0108558 0.0794224 0.996782 1.94635
0.0992607 0.991465 -0.08452 74.2686 -0.994921 0.0974618 -0.0251604 159.5 -0.0167082 0.0865882 0.996104 2.10481
0.0940185 0.992233 -0.081448 76.0182 -0.99557 0.0937116 -0.00759194 159.617 9.96441e-05 0.081801 0.996649 2.32006
0.0870348 0.993268 -0.076444 78.3947 -0.996147 0.0859395 -0.0175077 159.7 -0.0108203 0.0776732 0.99692 2.44303
0.0798597 0.993332 -0.0831489 80.8183 -0.996567 0.0777375 -0.0284604 159.789 -0.0218069 0.0851364 0.996131 2.57731
0.0747429 0.994346 -0.0754261 83.3021 -0.996571 0.0717889 -0.0411466 159.825 -0.0354993 0.0782429 0.996302 2.67333
0.0697244 0.994276 -0.0809534 85.7385 -0.997123 0.0670442 -0.0353702 159.888 -0.0297403 0.0831867 0.99609 2.82372
0.065185 0.994674 -0.0798445 88.1505 -0.997624 0.0631695 -0.0275158 159.947 -0.0223255 0.0814484 0.996427 3.0237
0.0634143 0.994246 -0.0863339 90.4283 -0.997689 0.0610414 -0.0298567 159.897 -0.024415 0.0880277 0.995819 3.18807
0.0591792 0.99375 -0.0946532 92.6955 -0.997594 0.0554435 -0.0416244 159.96 -0.0361163 0.0968888 0.99464 3.3119
0.0536841 0.994265 -0.0924938 94.8113 -0.998092 0.0505999 -0.0353751 159.916 -0.0304921 0.0942164 0.995085 3.6043
0.051837 0.994282 -0.0933605 96.8787 -0.998409 0.0495208 -0.026959 159.962 -0.0221816 0.0946095 0.995267 3.72719
0.0506337 0.995538 -0.079621 98.914 -0.998157 0.0477733 -0.0374296 159.968 -0.0334589 0.0813694 0.996122 3.82847
0.0513732 0.994802 -0.0879152 100.858 -0.998044 0.0480012 -0.0400509 159.966 -0.0356227 0.0898008 0.995322 3.94844
0.0515456 0.994886 -0.0868561 102.836 -0.998069 0.0483021 -0.0390415 160.001 -0.0346465 0.0887008 0.995456 4.1527
0.0509294 0.994829 -0.08787 104.765 -0.998231 0.0480047 -0.0350835 159.997 -0.0306839 0.0895013 0.995514 4.29648
0.0524663 0.995314 -0.0812211 107.03 -0.998475 0.0508848 -0.0214225 159.982 -0.0171892 0.0822212 0.996466 4.42861
0.0592281 0.994641 -0.0847376 109.145 -0.998053 0.0573407 -0.0245379 160.021 -0.0195475 0.0860259 0.996101 4.60362
0.0688374 0.993224 -0.093635 111.089 -0.997013 0.0651979 -0.0413915 160.078 -0.0350063 0.0962046 0.994746 4.79697
0.0703008 0.994557 -0.0769015 112.981 -0.997252 0.0682666 -0.028771 160.099 -0.0233646 0.0787128 0.996624 4.92786
0.069339 0.994262 -0.0814625 115.092 -0.997189 0.066754 -0.0340416 160.104 -0.0284083 0.0835939 0.996095 5.04302
0.0462691 0.996073 -0.0754808 117.075 -0.998268 0.0433571 -0.0397725 160.12 -0.0363437 0.0771903 0.996354 5.1673
-0.0988604 0.992161 -0.0764354 118.821 -0.994518 -0.101139 -0.0265321 159.822 -0.0340547 0.0733935 0.996721 5.29247
-0.33941 0.937517 -0.0765709 120.252 -0.939754 -0.341496 -0.0156197 159.27 -0.0407923 0.0666563 0.996942 5.35467
-0.544024 0.834423 -0.0881811 121.512 -0.837392 -0.546572 -0.00579987 158.48 -0.0530369 0.0706868 0.996088 5.42727
-0.715812 0.692368 -0.0907745 122.49 -0.69614 -0.71775 0.0149584 157.394 -0.0547967 0.0738992 0.995759 5.49731
-0.84837 0.523221 -0.0806738 123.251 -0.525824 -0.850484 0.0136506 156.059 -0.0614696 0.0540009 0.996647 5.59756
-0.945424 0.318701 -0.0678417 123.91 -0.320133 -0.947307 0.0111115 154.435 -0.0607257 0.0322235 0.997634 5.56886
-0.974735 0.214534 -0.0621784 124.385 -0.215648 -0.976401 0.0117138 152.718 -0.0581981 0.0248265 0.997996 5.57799
-0.987718 0.146037 -0.0555529 124.66 -0.146728 -0.98914 0.00856081 150.998 -0.0536994 0.0166068 0.998419 5.68475
-0.989978 0.12902 -0.057431 124.884 -0.129985 -0.991426 0.0133832 149.052 -0.0552118 0.0207142 0.99826 5.66862
-0.988431 0.141282 -0.0551727 125.094 -0.142025 -0.989815 0.00976931 147.241 -0.0532305 0.0174922 0.998429 5.64851
-0.988904 0.139282 -0.0516568 125.264 -0.139884 -0.990134 0.00820476 145.228 -0.0500043 0.0153397 0.998631 5.65585
-0.991706 0.122051 -0.0402944 125.41 -0.122634 -0.992376 0.0123001 143.277 -0.0384859 0.0171395 0.999112 5.62848
-0.994126 0.0979492 -0.0460475 125.559 -0.0986561 -0.995032 0.0133327 141.072 -0.0445128 0.0177973 0.99885 5.6019
-0.995052 0.0861742 -0.049459 125.658 -0.086724 -0.996191 0.00907694 139.113 -0.0484884 0.0133213 0.998735 5.62889
-0.996473 0.0768452 -0.0337 125.71 -0.0769851 -0.997028 0.00287146 136.947 -0.0333791 0.00545573 0.999428 5.58357
-0.996131 0.0740075 -0.0473948 125.8 -0.0747363 -0.997108 0.0137908 134.638 -0.0462371 0.0172795 0.998781 5.58726
-0.996095 0.0736477 -0.0486898 125.886 -0.0739051 -0.997259 0.00350479 132.262 -0.0482982 0.00708953 0.998808 5.59711
-0.996167 0.0783546 -0.0388731 125.952 -0.0786008 -0.996894 0.00484447 129.883 -0.0383728 0.00788136 0.999232 5.60806
-0.995505 0.0849321 -0.0419019 126.08 -0.0854297 -0.996292 0.0102289 127.894 -0.0408777 0.0137626 0.999069 5.54087
-0.994842 0.0902909 -0.0462188 126.199 -0.0906399 -0.995868 0.00550861 125.944 -0.0455304 0.00966947 0.998916 5.54934
-0.995032 0.0893825 -0.0438382 126.292 -0.0896592 -0.995963 0.0043833 123.972 -0.0432694 0.00829202 0.999029 5.55312
-0.994811 0.0919647 -0.0435116 126.391 -0.0922672 -0.995722 0.00499265 121.981 -0.0428663 0.00898144 0.99904 5.54853
-0.995018 0.0940286 -0.0331371 126.496 -0.0942441 -0.995536 0.00500107 119.939 -0.032519 0.00809914 0.999438 5.54974
-0.995028 0.0940669 -0.0327339 126.641 -0.0943051 -0.995526 0.0058056 117.944 -0.0320414 0.00886371 0.999447 5.47569
-0.995443 0.0928868 -0.0215534 126.684 -0.093037 -0.995644 0.00607337 115.769 -0.0208954 0.00805096 0.999749 5.5629
-0.995902 0.0867798 -0.025455 126.804 -0.0870441 -0.99616 0.00946144 113.679 -0.0245362 0.0116384 0.999631 5.53093
-0.996479 0.0792774 -0.0272795 126.905 -0.0794241 -0.996832 0.0043356 111.625 -0.0268493 0.00648698 0.999618 5.55708
-0.997385 0.0675966 -0.0255806 127.008 -0.067706 -0.997699 0.00343368 109.507 -0.0252897 0.00515666 0.999667 5.51007
-0.997966 0.0550778 -0.0320894 127.057 -0.0552683 -0.998459 0.00507797 107.363 -0.0317602 0.00684117 0.999472 5.50393
-0.997785 0.0526391 -0.0406605 127.039 -0.052684 -0.998611 3.32635e-05 105.327 -0.0406023 0.00217535 0.999173 5.45138
-0.99765 0.0553503 -0.0403782 127.056 -0.0556271 -0.998435 0.00576276 103.341 -0.0399961 0.00799534 0.999168 5.44214
-0.996508 0.0661534 -0.050936 127.124 -0.0664634 -0.997779 0.00441444 101.373 -0.0505309 0.00778441 0.998692 5.43566
-0.995144 0.0754476 -0.0632092 127.203 -0.0759151 -0.997102 0.00502332 99.0886 -0.062647 0.00979746 0.997988 5.36935
-0.99501 0.0812838 -0.057868 127.314 -0.0817103 -0.996643 0.00503971 96.8029 -0.0572641 0.00974297 0.998312 5.39737
-0.994887 0.0866036 -0.0519627 127.417 -0.0870663 -0.99618 0.00670418 94.5304 -0.0511836 0.0111941 0.998627 5.43565
-0.994492 0.0900597 -0.0536126 127.522 -0.0903992 -0.995898 0.00393553 92.3525 -0.0530383 0.0087604 0.998554 5.43678
-0.994038 0.0941649 -0.0549642 127.635 -0.0944413 -0.995527 0.00244715 90.1538 -0.0544879 0.00762344 0.998485 5.33679
-0.994475 0.0923579 -0.0498914 127.802 -0.0925137 -0.995711 0.000818575 87.9359 -0.0496018 0.00542969 0.998754 5.3195
-0.994797 0.0863803 -0.0540233 127.927 -0.0866813 -0.996231 0.00324862 85.7612 -0.0535391 0.00791452 0.998534 5.35867
-0.995212 0.0773351 -0.0597706 128.055 -0.0773739 -0.997001 -0.00166743 83.5535 -0.0597203 0.00296524 0.998211 5.36827
-0.995546 0.0697103 -0.0634664 128.087 -0.0695037 -0.997567 -0.00545989 81.2973 -0.0636926 -0.00102442 0.997969 5.32826
-0.995663 0.0684872 -0.0629689 128.181 -0.0680205 -0.997639 -0.00952847 79.1684 -0.0634728 -0.00520397 0.99797 5.25367
-0.996355 0.054221 -0.0658583 128.215 -0.0535165 -0.99849 -0.0124168 77.0355 -0.0664321 -0.00884703 0.997752 5.25373
-0.996775 0.0390903 -0.0700848 128.241 -0.0383429 -0.999193 -0.0119771 74.9319 -0.0704965 -0.00925126 0.997469 5.17
-0.99657 0.0375336 -0.0737595 128.207 -0.0370674 -0.999283 -0.00768017 72.9007 -0.0739949 -0.00491975 0.997247 5.13467
-0.995328 0.0605149 -0.0752257 128.167 -0.0601493 -0.998164 -0.00711853 70.7656 -0.0755184 -0.0025605 0.997141 5.11338
-0.992879 0.0896764 -0.0784211 128.25 -0.0893006 -0.99597 -0.00829319 68.6469 -0.0788488 -0.00123108 0.996886 5.05557
-0.991403 0.110834 -0.069545 128.429 -0.110554 -0.993839 -0.00788028 66.4351 -0.0699899 -0.000124085 0.997548 5.03933
-0.989655 0.116589 -0.0836122 128.617 -0.116736 -0.993158 -0.00314547 64.5946 -0.0834068 0.00664761 0.996493 4.97633
-0.990134 0.114018 -0.0814522 128.792 -0.113838 -0.993476 -0.00686422 62.3947 -0.0817034 0.00247588 0.996654 4.97794
-0.990776 0.113101 -0.0746322 128.929 -0.113087 -0.993575 -0.00442723 60.2147 -0.0746535 0.00405357 0.997201 4.9452
-0.99143 0.112929 -0.0656825 129.12 -0.112998 -0.993592 -0.00267546 58.046 -0.0655637 0.00476945 0.997837 4.93597
-0.991439 0.116089 -0.0597678 129.31 -0.115517 -0.993221 -0.0129491 56.0143 -0.0608659 -0.00593405 0.998128 4.89932
-0.992161 0.108679 -0.0616847 129.42 -0.108114 -0.994061 -0.0124462 54.021 -0.062671 -0.00567969 0.998018 4.89564
-0.992746 0.100697 -0.0656885 129.541 -0.100269 -0.994912 -0.00978668 52.0945 -0.0663398 -0.00312918 0.997792 4.86688
-0.993344 0.0969449 -0.0621997 129.684 -0.0967601 -0.99529 -0.00598419 50.2253 -0.0624868 7.40823e-05 0.998046 4.82259
-0.992237 0.0923609 -0.0832743 129.781 -0.0922755 -0.995721 -0.00488159 48.3239 -0.0833689 0.00284049 0.996515 4.85612
-0.992654 0.0981729 -0.0707137 129.85 -0.097968 -0.995169 -0.00636755 46.4221 -0.0709972 0.000606909 0.997476 4.82508
-0.992864 0.10037 -0.0643951 129.998 -0.100105 -0.99495 -0.00733074 44.2881 -0.0648056 -0.000832149 0.997898 4.70809
-0.992794 0.100429 -0.0653758 130.147 -0.0998024 -0.994925 -0.0127891 42.0564 -0.0663284 -0.00617228 0.997779 4.59983
-0.992766 0.0965473 -0.0713679 130.292 -0.0960645 -0.995323 -0.0101742 40.1862 -0.0720164 -0.00324466 0.997398 4.60434
-0.993721 0.0904576 -0.0658466 130.388 -0.0904275 -0.995897 -0.00344354 38.2216 -0.0658879 0.00253242 0.997824 4.5404
-0.994957 0.0815548 -0.0583919 130.46 -0.0810038 -0.996644 -0.0117457 36.2744 -0.0591539 -0.00695653 0.998225 4.59301
-0.994959 0.0749723 -0.0666081 130.52 -0.074459 -0.997172 -0.010159 34.3703 -0.0671814 -0.00514825 0.997728 4.53241
-0.995129 0.0732988 -0.0659276 130.571 -0.0724328 -0.997254 -0.0154344 32.4218 -0.0668778 -0.0105839 0.997705 4.4348
-0.995834 0.0713318 -0.0567975 130.639 -0.0710638 -0.997449 -0.00672784 30.0833 -0.0571325 -0.00266358 0.998363 4.32543
-0.996294 0.0646611 -0.0567169 130.691 -0.0642584 -0.997894 -0.00889696 27.7904 -0.0571728 -0.00521945 0.998351 4.31278
-0.996736 0.0495936 -0.0636954 130.735 -0.0491592 -0.998756 -0.00837028 25.5064 -0.0640312 -0.00521176 0.997934 4.25824
-0.996637 0.0340244 -0.0745397 130.693 -0.0332648 -0.999381 -0.011409 23.5991 -0.0748817 -0.00889107 0.997153 4.19091
-0.997131 0.0162838 -0.0739281 130.625 -0.014759 -0.999668 -0.0211249 21.3018 -0.0742475 -0.0199732 0.99704 4.08256
-0.995412 0.000301315 -0.0956812 130.536 0.00104665 -0.999901 -0.0140376 19.3147 -0.0956759 -0.0140733 0.995313 3.94891
-0.993645 -0.0184734 -0.111029 130.397 0.0197599 -0.99975 -0.0104977 17.0004 -0.110808 -0.0126249 0.993762 3.98143
-0.994451 -0.0286727 -0.101215 130.19 0.0302854 -0.999437 -0.0144328 14.7896 -0.100744 -0.017418 0.99476 3.97346
-0.993942 -0.0254131 -0.106923 130.027 0.0271886 -0.999515 -0.0151804 13.137 -0.106485 -0.0179956 0.994151 3.76975
-0.994612 -0.0151791 -0.102551 129.857 0.0166171 -0.999775 -0.0131826 11.1726 -0.102327 -0.0148157 0.99464 3.72671
-0.994729 0.00412134 -0.102457 129.762 -0.00307029 -0.999941 -0.0104139 8.98938 -0.102494 -0.0100444 0.994683 3.66781
-0.99358 0.0218326 -0.111007 129.783 -0.0202542 -0.999678 -0.0153271 6.74669 -0.111306 -0.0129803 0.993701 3.63192
-0.994469 0.0343793 -0.0992479 129.77 -0.0336936 -0.999395 -0.00857759 4.67584 -0.0994828 -0.00518612 0.995026 3.56239
-0.99338 0.0466047 -0.104997 129.808 -0.0451459 -0.998848 -0.0162284 2.59829 -0.105633 -0.0113808 0.99434 3.44527
-0.992394 0.0575487 -0.108819 129.826 -0.0563365 -0.998311 -0.0141841 0.595653 -0.109452 -0.00794573 0.99396 3.45654
-0.992207 0.0577 -0.110434 129.825 -0.0559266 -0.998252 -0.0190916 -1.35022 -0.111343 -0.0127666 0.9937 3.35002
-0.990692 0.0584786 -0.122919 129.853 -0.0573911 -0.998275 -0.0123725 -3.34761 -0.12343 -0.00520292 0.99234 3.36858
-0.990914 0.0588272 -0.120944 129.886 -0.0578779 -0.998259 -0.0113506 -5.30899 -0.121401 -0.00424749 0.992594 3.36104
-0.992401 0.0580536 -0.108493 129.928 -0.0571703 -0.998301 -0.0112369 -7.27066 -0.108961 -0.00494894 0.994034 3.36107
-0.993249 0.0524487 -0.103463 130.031 -0.0525159 -0.998618 -0.00207719 -9.0845 -0.103429 0.0033703 0.994631 3.24771
-0.995062 -0.00804257 -0.0989291 129.874 0.00820149 -0.999966 -0.0011999 -10.9687 -0.0989161 -0.00200534 0.995094 3.18462
-0.975152 -0.198633 -0.0981009 129.39 0.199573 -0.979883 0.000232912 -12.4609 -0.0961736 -0.0193512 0.995176 3.08027
-0.874288 -0.478593 -0.0810513 128.572 0.480347 -0.877075 -0.00246952 -13.6056 -0.0699061 -0.0410918 0.996707 3.03587
-0.661938 -0.744201 -0.0894583 127.463 0.746789 -0.665029 0.00655716 -14.5932 -0.0643722 -0.062466 0.995969 2.91428
-0.408432 -0.909038 -0.0826591 126.138 0.911137 -0.411463 0.0229522 -15.1817 -0.0548756 -0.0659394 0.996314 2.73958
-0.175335 -0.981339 -0.0789468 124.436 0.984341 -0.176222 0.00436621 -15.4938 -0.0181969 -0.076945 0.996869 2.58489
-0.0956737 -0.991611 -0.086914 122.677 0.99539 -0.0958945 -0.00164079 -15.6468 -0.00670755 -0.0866704 0.996214 2.45335
-0.0830613 -0.993046 -0.0834263 120.735 0.996503 -0.0835263 0.00209162 -15.752 -0.00904536 -0.0829609 0.996512 2.25031
-0.0828683 -0.992863 -0.0857644 118.937 0.996534 -0.0831889 0.000164766 -15.8728 -0.00729825 -0.0854535 0.996315 2.13554
-0.0856285 -0.992115 -0.0915186 116.976 0.996285 -0.0861069 0.00128459 -15.9267 -0.00915485 -0.0910686 0.995803 1.99242
-0.0915354 -0.991645 -0.090897 115.103 0.995801 -0.0912572 -0.00722071 -16.0453 -0.00113464 -0.0911763 0.995834 1.83691
-0.0942218 -0.990922 -0.0958979 113.113 0.995548 -0.0935204 -0.011793 -16.1648 0.00271753 -0.0965821 0.995321 1.47706
-0.0968714 -0.990783 -0.0946851 111.042 0.995297 -0.0964102 -0.00944477 -16.2741 0.000229117 -0.0951547 0.995462 1.25868
-0.0995423 -0.989907 -0.100876 109.157 0.994997 -0.0998864 -0.00164579 -16.383 -0.00844692 -0.100535 0.994898 1.03823
-0.0973604 -0.990916 -0.0927657 107.317 0.995242 -0.0973027 -0.00515606 -16.4747 -0.00391712 -0.0928262 0.995675 0.903997
-0.091188 -0.991161 -0.0963599 105.248 0.995793 -0.0916359 0.000225361 -16.5963 -0.00905341 -0.0959339 0.995347 0.678302
-0.0857491 -0.991842 -0.0943202 103.53 0.996113 -0.0872598 0.0120015 -16.6654 -0.020134 -0.0929245 0.99547 0.458809
-0.0849837 -0.992042 -0.0929045 101.83 0.996138 -0.0866567 0.0141159 -16.7935 -0.0220544 -0.0913461 0.995575 0.233615
-0.0854378 -0.992266 -0.0900503 99.9871 0.996045 -0.0872768 0.0166788 -16.8632 -0.0244091 -0.0882691 0.995798 0.118024
-0.0863637 -0.992155 -0.0903894 98.171 0.996153 -0.0873497 0.00700299 -16.935 -0.0148435 -0.0894368 0.995882 -0.0031781
-0.0890098 -0.990314 -0.106557 96.1302 0.996017 -0.0890671 -0.00422948 -17.0707 -0.00530219 -0.106509 0.994298 -0.240403
-0.0894444 -0.991326 -0.0962944 94.1408 0.995988 -0.0892994 -0.00582234 -17.1854 -0.00282721 -0.0964289 0.995336 -0.512572
-0.0873103 -0.991493 -0.0965344 91.9894 0.996162 -0.0875063 -0.00220919 -17.2702 -0.00625698 -0.0963568 0.995327 -0.695715
-0.0856285 -0.99147 -0.0982557 89.8214 0.996324 -0.0854456 -0.00607556 -17.3843 -0.00237179 -0.0984148 0.995143 -0.963896
-0.0840487 -0.991632 -0.0979878 87.6909 0.99646 -0.0838276 -0.00637935 -17.5323 -0.00188813 -0.0981771 0.995167 -1.2102
-0.0813032 -0.991634 -0.100259 85.4243 0.996688 -0.0810775 -0.0063321 -17.5837 -0.00184961 -0.100442 0.994941 -1.47895
-0.0831693 -0.99189 -0.0961064 83.2137 0.996533 -0.0830003 -0.00576165 -17.6462 -0.00226194 -0.0962524 0.995354 -1.72842
-0.0821991 -0.991196 -0.103795 80.9053 0.99652 -0.0831853 0.00520065 -17.7437 -0.0137891 -0.103006 0.994585 -2.00294
-0.0850738 -0.991604 -0.0973828 78.6868 0.996369 -0.0849907 -0.0050094 -17.8491 -0.00330931 -0.0974554 0.995234 -2.24521
-0.0873516 -0.99117 -0.0997586 76.9109 0.996137 -0.0878166 0.000271358 -17.9615 -0.00902942 -0.0993495 0.995012 -2.37445
-0.0901483 -0.990738 -0.10155 75.1248 0.99592 -0.0900952 -0.00511995 -18.0498 -0.0040766 -0.101597 0.994817 -2.57503
-0.0911566 -0.990887 -0.0991673 72.8151 0.995817 -0.0913314 -0.00278455 -18.1925 -0.00629792 -0.0990063 0.995067 -2.84046
-0.0908805 -0.991103 -0.0972453 70.4884 0.995829 -0.0912389 -0.000765093 -18.2708 -0.00811426 -0.0969092 0.99526 -3.07685
-0.092205 -0.991183 -0.0951507 68.7115 0.99574 -0.0917093 -0.00957959 -18.3769 0.00076893 -0.0956286 0.995417 -3.19708
-0.0903029 -0.991719 -0.0913176 66.5204 0.995892 -0.090538 -0.00157296 -18.4782 -0.00670781 -0.0910845 0.995821 -3.50593
-0.0899971 -0.991738 -0.0914152 64.3862 0.995938 -0.0898898 -0.00529798 -18.5933 -0.00296308 -0.0915206 0.995799 -3.70267
-0.090737 -0.990462 -0.103694 62.1702 0.995871 -0.0899675 -0.0120847 -18.6835 0.0026403 -0.104363 0.994536 -3.97198
-0.0899973 -0.990609 -0.102932 60.1894 0.99594 -0.0893309 -0.0110756 -18.7865 0.00177661 -0.103511 0.994627 -4.08631
-0.0913856 -0.990506 -0.102696 58.2868 0.995815 -0.0909874 -0.00856491 -18.8109 -0.000860389 -0.103048 0.994676 -4.27025
-0.0906943 -0.989618 -0.111493 56.5228 0.995879 -0.0901195 -0.0101952 -18.962 4.17121e-05 -0.111958 0.993713 -4.59184
-0.0897048 -0.990812 -0.101215 54.4007 0.995968 -0.0893588 -0.00795513 -19.0598 -0.0011624 -0.10152 0.994833 -4.75497
-0.0906047 -0.990987 -0.0986701 52.2679 0.995878 -0.0897409 -0.0131668 -19.1182 0.00419343 -0.0994564 0.995033 -4.99704
-0.0893564 -0.991246 -0.0971909 50.4803 0.995994 -0.0892497 -0.00545299 -19.1913 -0.003269 -0.0972889 0.995251 -5.2267
-0.0896124 -0.991209 -0.0973327 48.7501 0.995975 -0.089029 -0.0103299 -19.2585 0.00157362 -0.0978667 0.995198 -5.45319
-0.08997 -0.991489 -0.0941029 46.9007 0.995862 -0.0883443 -0.0213095 -19.3278 0.0128147 -0.0956307 0.995334 -5.61123
-0.0906886 -0.991019 -0.0982738 45.0728 0.995835 -0.0893153 -0.0182935 -19.3787 0.00935187 -0.0995235 0.994991 -5.77038
-0.0914942 -0.990782 -0.0998947 43.0062 0.995769 -0.090168 -0.0177208 -19.5051 0.00855019 -0.101093 0.99484 -6.05911
-0.0930573 -0.991958 -0.085792 40.7718 0.995634 -0.092075 -0.0153448 -19.6198 0.0073221 -0.0868454 0.996195 -6.30504
-0.0909317 -0.991401 -0.0941034 39.0327 0.995836 -0.091141 -0.00208001 -19.7281 -0.00651456 -0.0939007 0.99556 -6.4984
-0.0916048 -0.992319 -0.0831413 36.6308 0.995783 -0.0917032 -0.00264251 -19.8065 -0.00500211 -0.0830328 0.996534 -6.64833
-0.0917346 -0.992148 -0.0850074 34.8822 0.995763 -0.0919443 -0.0014525 -19.9029 -0.00637486 -0.0847805 0.996379 -6.82949
-0.0909179 -0.99172 -0.0906992 33.0472 0.995853 -0.090838 -0.00501854 -19.982 -0.00326193 -0.0907793 0.995866 -7.04521
-0.0885735 -0.991333 -0.0970269 31.2187 0.995999 -0.0893031 0.00319507 -20.0708 -0.0118322 -0.0963558 0.995277 -7.24137
-0.0883213 -0.99192 -0.0910675 29.3756 0.996083 -0.0883299 -0.00394447 -20.1236 -0.00413138 -0.0910592 0.995837 -7.43806
-0.0856267 -0.991859 -0.0942528 27.5092 0.996281 -0.0861467 0.00145491 -20.2218 -0.00956264 -0.0937777 0.995547 -7.65215
-0.084938 -0.991341 -0.100145 25.6103 0.996368 -0.0851071 -0.00259084 -20.3261 -0.00595466 -0.100002 0.994969 -7.85459
-0.0837042 -0.991973 -0.0947783 23.8116 0.99647 -0.0839325 -0.00158238 -20.3924 -0.00638531 -0.0945762 0.995497 -8.113
-0.0827162 -0.991775 -0.0976803 21.925 0.996571 -0.0825369 -0.00588231 -20.4617 -0.0022283 -0.0978319 0.9952 -8.28283
-0.0805274 -0.991762 -0.0996168 20.1521 0.996752 -0.0800059 -0.00922608 -20.5353 0.00118016 -0.100036 0.994983 -8.47151
-0.0801528 -0.991961 -0.0979193 17.937 0.996769 -0.0792402 -0.0131793 -20.5935 0.00531427 -0.0986592 0.995107 -8.67875
-0.0797064 -0.991472 -0.103098 15.8388 0.996817 -0.0791 -0.00996374 -20.6848 0.00172374 -0.103564 0.994621 -8.92032
-0.0794261 -0.991612 -0.101965 13.9479 0.996831 -0.0785462 -0.0126218 -20.7683 0.00450694 -0.102644 0.994708 -9.15097
-0.0740975 -0.99209 -0.101331 11.8438 0.997233 -0.0731089 -0.0134406 -20.8753 0.00592608 -0.102046 0.994762 -9.32438
-0.0286194 -0.994859 -0.097139 10.0219 0.999489 -0.0270954 -0.0169718 -20.9347 0.0142526 -0.097575 0.995126 -9.60379
0.0941865 -0.991195 -0.0930677 7.97649 0.995177 0.0963122 -0.0186093 -20.8794 0.027409 -0.0908661 0.995486 -9.76526
0.267657 -0.958581 -0.0973746 6.34272 0.961341 0.27247 -0.0397988 -20.5929 0.0646821 -0.0829578 0.994452 -9.92182
0.485556 -0.867428 -0.108651 4.82633 0.870526 0.491155 -0.0308553 -19.7763 0.0801291 -0.0796013 0.993601 -10.0392
0.66499 -0.737531 -0.117627 3.72881 0.738332 0.672921 -0.0452007 -18.8281 0.11249 -0.0567894 0.992029 -10.1616
0.843631 -0.525783 -0.108803 2.81154 0.523519 0.850501 -0.0507567 -17.517 0.119224 -0.0141407 0.992767 -10.1972
0.954338 -0.280427 -0.102952 2.34905 0.275469 0.959444 -0.0598658 -15.7691 0.115565 0.0287721 0.992883 -10.1852
0.992191 -0.0824911 -0.0935498 2.1052 0.0765724 0.994931 -0.0651899 -13.2934 0.0984532 0.0575175 0.993478 -10.1669
0.996309 -0.0142736 -0.0846427 2.16817 0.00768767 0.996953 -0.0776302 -11.1555 0.0854928 0.0766929 0.993383 -9.97513
0.996931 -0.00103446 -0.0782815 2.30078 -0.00524979 0.996779 -0.0800291 -9.15243 0.0781121 0.0801945 0.993714 -9.85128
0.996476 0.0379976 -0.074773 2.36705 -0.0441849 0.995577 -0.0829126 -7.13873 0.0712918 0.0859243 0.993748 -9.64579
0.993875 0.0870369 -0.0680902 2.60475 -0.0922794 0.992668 -0.0780645 -5.22712 0.0607965 0.0838697 0.99462 -9.47151
0.989741 0.131282 -0.0563744 2.96352 -0.13541 0.987792 -0.0770083 -3.45998 0.0455764 0.0838519 0.995435 -9.33412
0.988843 0.142684 -0.0427947 3.33528 -0.145524 0.986665 -0.0728994 -1.89831 0.0318225 0.0783137 0.996421 -9.25746
0.992771 0.117063 -0.0265032 3.64175 -0.118782 0.989939 -0.0768908 -0.198198 0.0172355 0.0794831 0.996687 -9.18396
0.997868 0.0594257 -0.0269979 3.92921 -0.0612036 0.995621 -0.0706578 1.38169 0.0226808 0.0721595 0.997135 -9.02784
