0.994015 0.0227807 -0.106839 0.322867 -0.0288548 0.998033 -0.0556559 -0.58812 0.105361 0.0584056 0.992717 -0.673632
0.952729 -0.288357 -0.0956899 0.0568143 0.283728 0.957076 -0.0591904 0.987404 0.10865 0.0292426 0.99365 -0.684293
0.924096 -0.370674 -0.0929881 -0.404972 0.366156 0.928465 -0.0623142 2.36181 0.109434 0.0235362 0.993715 -0.674653
0.966648 -0.241646 -0.0848402 -0.742565 0.236823 0.969502 -0.0630888 3.93576 0.097498 0.0408926 0.994395 -0.605287
0.983044 -0.161507 -0.0868296 -1.06628 0.156549 0.985772 -0.061198 5.77436 0.0954781 0.0465672 0.994342 -0.444849
0.989073 -0.112327 -0.0954803 -1.32727 0.108153 0.992983 -0.0478346 7.85477 0.100183 0.0369854 0.994281 -0.194547
0.990637 -0.0921965 -0.10069 -1.38611 0.0884706 0.99524 -0.0408718 9.88323 0.103979 0.031581 0.994078 -0.299431
0.99204 -0.0714989 -0.103654 -1.42956 0.0684971 0.99713 -0.0322404 12.0825 0.105662 0.0248837 0.994091 -0.31252
0.993163 -0.0493421 -0.105793 -1.44918 0.0457076 0.998287 -0.03651 14.3105 0.107413 0.0314249 0.993718 -0.279937
0.99455 -0.0252132 -0.101162 -1.43887 0.02213 0.999259 -0.031486 16.6536 0.101881 0.0290757 0.994372 -0.155305
0.994305 -0.00938419 -0.106156 -1.47345 0.00646127 0.999591 -0.0278446 19.022 0.106374 0.0270002 0.99396 0.108947
0.992693 -0.000805364 -0.120664 -1.36124 -0.000974194 0.999892 -0.0146883 21.0435 0.120663 0.0146986 0.992585 -0.0942132
0.992318 0.00634458 -0.123548 -1.22934 -0.00819222 0.999862 -0.0144526 23.0368 0.123439 0.0153537 0.992233 -0.187145
0.99055 0.0110073 -0.136711 -1.12795 -0.013061 0.999815 -0.0141342 25.0098 0.13653 0.0157862 0.99051 -0.309196
0.989402 0.0181369 -0.144062 -1.02769 -0.0204895 0.99968 -0.014864 26.9664 0.143746 0.0176582 0.989457 -0.191126
0.990007 0.0183484 -0.139822 -0.902539 -0.0210346 0.999621 -0.0177582 29.1713 0.139443 0.0205218 0.990017 -0.104301
0.991273 0.0198753 -0.130317 -0.807669 -0.0203847 0.999789 -0.00257579 31.349 0.130238 0.00520978 0.991469 0.0509347
0.990711 0.011401 -0.135506 -0.666551 -0.0123337 0.999906 -0.0060451 33.5599 0.135425 0.00766024 0.990758 -0.0982578
0.986673 0.00382969 -0.16267 -0.538363 -0.00297942 0.999981 0.0054706 35.6342 0.162687 -0.00491304 0.986665 -0.271345
0.987125 -0.00422069 -0.159895 -0.413516 0.00387428 0.999989 -0.00247815 37.7324 0.159903 0.00182676 0.987131 -0.348404
0.985964 -0.0106907 -0.166615 -0.344954 0.00996274 0.999937 -0.00520433 39.8266 0.16666 0.00347134 0.986008 -0.329517
0.985103 -0.0107396 -0.17163 -0.260505 0.00946579 0.999921 -0.00823857 41.8273 0.171705 0.00649123 0.985127 -0.374017
0.985974 -0.00881874 -0.166666 -0.204688 0.00643987 0.99987 -0.0148083 43.8229 0.166775 0.0135273 0.985902 -0.400021
0.986797 0.00374763 -0.161918 -0.112718 -0.00711293 0.99977 -0.0202093 45.7868 0.161805 0.0210942 0.986597 -0.397837
0.986932 0.00489393 -0.16106 -0.0233291 -0.00903878 0.999646 -0.0250122 47.9037 0.160881 0.0261411 0.986628 -0.37074
0.987 0.0076813 -0.160536 0.0909216 -0.0100368 0.999853 -0.0138672 50.0684 0.160406 0.0152982 0.986933 -0.315127
0.987131 0.00656289 -0.159779 0.172192 -0.0094925 0.9998 -0.0175791 51.9573 0.159631 0.0188696 0.986996 -0.264278
0.986165 0.00521243 -0.165685 0.27536 -0.00814957 0.999821 -0.0170523 53.8791 0.165567 0.0181666 0.986031 -0.135106
0.98653 0.000959741 -0.16358 0.394856 -0.00347569 0.99988 -0.015095 56.1896 0.163546 0.0154602 0.986414 0.121433
0.984991 -0.00240271 -0.172587 0.466908 -0.00071318 0.999838 -0.0179897 58.1666 0.172602 0.0178428 0.98483 -0.0510924
0.987298 0.000951135 -0.158875 0.597511 -0.00223979 0.999966 -0.00793229 60.5294 0.158862 0.00818738 0.987267 -0.0997841
0.988053 0.00653474 -0.153973 0.706697 -0.00793846 0.999932 -0.00850363 62.8899 0.153907 0.00962434 0.988039 -0.0619707
0.983952 0.0090827 -0.178205 0.835757 -0.0105586 0.999917 -0.00733537 65.0934 0.178123 0.00909924 0.983966 0.0142084
0.98459 0.0114751 -0.174501 0.936156 -0.0123365 0.999916 -0.00385292 67.25 0.174443 0.00594629 0.984649 0.211485
0.986835 0.0148734 -0.161044 1.04395 -0.0163116 0.999838 -0.00761209 69.4775 0.160905 0.0101388 0.986918 0.0478999
0.984973 0.0214203 -0.171376 1.19932 -0.0230088 0.999709 -0.00728812 71.6828 0.17117 0.0111217 0.985179 -0.145047
0.985922 0.0393591 -0.162509 1.3933 -0.0413808 0.999102 -0.00907338 74.003 0.162006 0.0156704 0.986665 -0.166295
0.984137 0.045689 -0.171426 1.56292 -0.0483769 0.998763 -0.0115329 75.9126 0.170687 0.019643 0.985129 -0.195091
0.984245 0.048744 -0.169956 1.73892 -0.0512033 0.998637 -0.0101145 77.9167 0.169232 0.0186574 0.9854 -0.153936
0.985637 0.0451418 -0.16273 1.90476 -0.0464092 0.998915 -0.0039931 79.8613 0.162373 0.0114879 0.986663 -0.098125
0.988183 0.0343689 -0.149373 2.08524 -0.0355518 0.999354 -0.00525555 81.8691 0.149096 0.0105039 0.988767 -0.126184
0.987254 0.0208042 -0.15779 2.24387 -0.0236165 0.999593 -0.0159693 83.9704 0.157393 0.0194922 0.987344 -0.095694
0.987089 0.0136456 -0.159592 2.38081 -0.0158864 0.999792 -0.012773 86.1167 0.159385 0.0151435 0.9871 -0.04285
0.9873 0.0167447 -0.157984 2.49402 -0.0194271 0.999692 -0.0154498 88.1902 0.157677 0.0183227 0.987321 -0.00636357
0.986479 0.0285021 -0.161387 2.64426 -0.0311326 0.99942 -0.0137936 90.3338 0.160901 0.0186315 0.986795 0.176548
0.987922 0.0345371 -0.151054 2.83998 -0.036659 0.999264 -0.0112849 92.4346 0.150553 0.0166861 0.988461 0.369996
0.98785 0.0427833 -0.149407 3.01123 -0.0420012 0.999082 0.00838779 94.6607 0.149629 -0.0020106 0.98874 0.182894
0.987909 0.0465547 -0.147883 3.21516 -0.0462462 0.998915 0.00552575 96.8959 0.147979 0.00138007 0.98899 0.115593
0.989082 0.0447096 -0.140422 3.46089 -0.0454847 0.998962 -0.00231394 99.0287 0.140173 0.00867573 0.990089 0.0715475
0.990235 0.0419628 -0.13294 3.65589 -0.0418444 0.999117 0.00368575 101.28 0.132977 0.00191303 0.991117 0.117971
0.99033 0.0363717 -0.133883 3.8802 -0.0365181 0.999332 0.00136296 103.536 0.133843 0.00353937 0.990996 0.294538
0.990687 0.032888 -0.132125 4.04374 -0.0330862 0.999452 0.000694928 105.866 0.132076 0.00368307 0.991233 0.199
0.991199 0.0292571 -0.129108 4.17934 -0.0298045 0.999553 -0.00230892 107.672 0.128983 0.00613661 0.991628 0.0771069
0.992165 0.0253972 -0.122328 4.38001 -0.0264731 0.999624 -0.00717837 109.999 0.1221 0.0103605 0.992464 0.0449376
0.993341 0.0211487 -0.113257 4.55695 -0.0225709 0.999681 -0.0112899 112.379 0.112982 0.0137711 0.993502 0.167849
0.993212 0.0168638 -0.115093 4.74508 -0.0181607 0.999783 -0.0102287 114.692 0.114896 0.0122494 0.993302 0.254293
0.992895 0.0132179 -0.118259 4.86489 -0.0148212 0.99981 -0.0126888 117.134 0.118069 0.0143514 0.992902 0.217363
0.993855 0.015298 -0.10963 5.00956 -0.0150923 0.999882 0.00270551 119.418 0.109658 -0.00103432 0.993969 0.0340132
0.994802 0.0133297 -0.100954 5.16586 -0.013595 0.999906 -0.00194049 121.747 0.100919 0.00330288 0.994889 0.0287198
0.994875 0.011769 -0.100422 5.297 -0.0127074 0.999881 -0.00871021 124.082 0.100307 0.00994168 0.994907 0.141651
0.9959 0.0124674 -0.0895935 5.46876 -0.0122037 0.999919 0.0034907 126.424 0.0896298 -0.00238302 0.995972 0.205742
0.996779 0.0129455 -0.0791508 5.55538 -0.013178 0.99991 -0.00241604 128.652 0.0791124 0.00345131 0.99686 0.105466
0.996494 0.0145105 -0.082391 5.71183 -0.0154439 0.999823 -0.0107029 130.464 0.0822212 0.0119378 0.996543 0.0507007
0.996741 0.0163337 -0.0789977 5.83749 -0.0165936 0.999859 -0.00263477 132.7 0.0789435 0.00393704 0.996871 0.0222502
0.996232 0.0152043 -0.0853885 6.00307 -0.0161782 0.999812 -0.0107247 134.904 0.0852093 0.0120657 0.99629 0.0819821
0.997517 0.0163777 -0.0684985 6.14513 -0.0164405 0.999865 -0.000352822 137.051 0.0684835 0.0014781 0.997651 0.21626
0.997799 0.0133401 -0.06495 6.22122 -0.0133617 0.999911 0.000101087 139.213 0.0649455 0.000766979 0.997889 0.0827889
0.997671 0.0167823 -0.0661182 6.35973 -0.0167363 0.999859 0.00125001 141.329 0.0661298 -0.000140519 0.997811 0.0643319
0.997886 0.0203682 -0.0617076 6.51259 -0.0205333 0.999787 -0.00204331 143.372 0.0616528 0.00330606 0.998092 0.0631278
0.99749 0.023234 -0.0668878 6.64156 -0.0232485 0.99973 0.000562545 145.362 0.0668828 0.000993905 0.99776 0.0897051
0.997766 0.0259142 -0.0615702 6.82263 -0.0259264 0.999664 0.000601314 147.381 0.0615651 0.000996321 0.998103 0.222613
0.998551 0.0363513 -0.039676 6.9726 -0.0359982 0.999306 0.00957745 149.646 0.0399967 -0.00813531 0.999167 0.0155787
0.997356 0.0602219 -0.0406815 7.17746 -0.0600502 0.998181 0.00543125 151.752 0.0409346 -0.00297396 0.999157 -0.00780881
0.99351 0.107638 -0.0367735 7.47452 -0.107579 0.99419 0.00359499 153.642 0.0369468 0.000384398 0.999317 0.00769746
0.980385 0.194686 -0.0307124 7.80581 -0.194531 0.980864 0.00800312 155.637 0.0316828 -0.00187162 0.999496 -0.013418
0.937703 0.345275 -0.0387102 8.41843 -0.345914 0.938201 -0.0110341 157.244 0.0325081 0.0237371 0.99919 0.0664176
0.845363 0.532249 -0.0455281 9.22604 -0.533131 0.845984 -0.00910716 158.69 0.0336688 0.0319713 0.998922 -0.0332071
0.718463 0.692781 -0.0621748 10.1967 -0.694632 0.719256 -0.0125554 159.707 0.0360214 0.0522092 0.997986 -0.0107971
0.559401 0.824973 -0.0805627 11.4177 -0.828095 0.560489 -0.0105373 160.492 0.0364615 0.0726081 0.996694 0.0476002
0.376468 0.922775 -0.0822036 12.9138 -0.926085 0.377264 -0.00622152 161.115 0.0252714 0.0784697 0.996596 0.167539
0.235292 0.968423 -0.0824319 14.5133 -0.971801 0.235767 -0.00406602 161.468 0.0154971 0.0810641 0.996588 0.364759
0.140006 0.98611 -0.0893585 16.1674 -0.990093 0.140402 -0.00187944 161.7 0.0106927 0.0887363 0.995998 0.350553
0.0702339 0.993743 -0.0868463 17.9845 -0.997515 0.0704514 -0.000562868 161.796 0.0055591 0.08667 0.996222 0.47962
0.029024 0.995774 -0.0871311 19.9216 -0.999576 0.0287153 -0.0047947 161.765 -0.00227245 0.0872333 0.996185 0.586409
0.0131301 0.996524 -0.082266 21.875 -0.999891 0.013639 0.00562677 161.73 0.00672924 0.0821832 0.996594 0.747349
0.00669717 0.997035 -0.0766525 23.9283 -0.999899 0.00571659 -0.0130048 161.675 -0.0125281 0.0767319 0.996973 0.974409
-0.00352142 0.996816 -0.0796608 26.0139 -0.999894 -0.00463337 -0.0137778 161.571 -0.014103 0.0796038 0.996727 0.970981
-0.00962918 0.996962 -0.077287 28.2892 -0.999793 -0.0109844 -0.0171292 161.47 -0.0179261 0.077106 0.996862 1.03419
-0.0118319 0.99716 -0.074378 30.5066 -0.999907 -0.0123004 -0.00584475 161.346 -0.00674302 0.0743019 0.997213 1.13456
0.00268094 0.997549 -0.0699211 32.8925 -0.999528 0.000533625 -0.0307111 161.204 -0.0305985 0.0699705 0.99708 1.10938
0.0125364 0.997397 -0.0710113 35.2302 -0.999478 0.0103842 -0.0305962 161.159 -0.0297791 0.0713577 0.997006 1.24416
0.0149813 0.997342 -0.0713002 37.207 -0.999643 0.0133604 -0.0231556 161.072 -0.0221414 0.0716216 0.997186 1.34428
0.0141691 0.997218 -0.0731758 39.2339 -0.999639 0.0124555 -0.023821 161.039 -0.0228433 0.0734869 0.997035 1.46553
0.0122295 0.997139 -0.0745873 41.2599 -0.999828 0.0111529 -0.014833 160.978 -0.0139587 0.0747559 0.997104 1.59271
0.00774669 0.997517 -0.0699949 43.4089 -0.999943 0.00721398 -0.00786075 160.9 -0.00733631 0.0700518 0.997516 1.70717
0.00516043 0.997458 -0.0710708 45.5107 -0.999948 0.0045244 -0.00910686 160.838 -0.00876217 0.0711141 0.99743 1.80014
0.00249047 0.997448 -0.0713476 47.6546 -0.999942 0.00173491 -0.0106497 160.757 -0.0104988 0.07137 0.997395 1.92739
-0.00366213 0.997937 -0.0640927 49.903 -0.999992 -0.00373932 -0.00108401 160.684 -0.00132145 0.0640883 0.997943 2.00612
-0.00826497 0.997809 -0.0656389 52.1292 -0.999958 -0.00799426 0.00438532 160.545 0.00385098 0.0656724 0.997834 2.11751
-0.0139795 0.99802 -0.0613173 54.4066 -0.999886 -0.0143029 -0.00483824 160.441 -0.00570568 0.0612426 0.998107 2.29355
-0.0174845 0.998398 -0.0538073 56.6652 -0.999811 -0.0179186 -0.00759547 160.342 -0.00854746 0.0536643 0.998522 2.43953
-0.0203138 0.998105 -0.058088 58.8781 -0.999783 -0.0205516 -0.00349972 160.198 -0.00468688 0.0580043 0.998305 2.48175
-0.0206613 0.997973 -0.0601941 60.9883 -0.99976 -0.0210601 -0.00599793 160.049 -0.00725346 0.0600557 0.998169 2.64362
-0.0168753 0.998203 -0.0575004 63.111 -0.999647 -0.0180239 -0.0195161 159.906 -0.0205174 0.0571508 0.998155 2.67634
-0.0131545 0.998803 -0.0471165 65.0945 -0.999705 -0.0140985 -0.0197595 159.789 -0.0204002 0.0468427 0.998694 2.7622
-0.0130741 0.997955 -0.062569 67.1987 -0.999722 -0.0142736 -0.0187623 159.648 -0.019617 0.0623063 0.997864 2.83721
-0.0123954 0.998531 -0.0527507 69.2975 -0.999422 -0.0140428 -0.0309742 159.535 -0.0316694 0.0523363 0.998127 2.91081
-0.0117445 0.999028 -0.0424899 71.3866 -0.999522 -0.0129443 -0.028074 159.401 -0.0285967 0.0421399 0.998702 3.03701
-0.0134324 0.997714 -0.066224 73.4534 -0.999669 -0.0148531 -0.0210089 159.306 -0.0219445 0.0659199 0.997584 3.10414
-0.010901 0.997818 -0.0651145 75.5783 -0.999739 -0.0121831 -0.0193255 159.183 -0.0200766 0.0648869 0.997691 3.23698
-0.0101834 0.997122 -0.0751298 77.5972 -0.999701 -0.0118223 -0.0214019 159.098 -0.0222285 0.0748893 0.996944 3.37189
-0.0119421 0.997653 -0.0674249 79.7011 -0.999721 -0.0132852 -0.0195071 158.927 -0.020357 0.0671732 0.997534 3.52881
-0.0106615 0.998661 -0.0506218 81.6945 -0.999904 -0.0110962 -0.00831404 158.884 -0.00886462 0.0505283 0.998683 3.57033
-0.0145921 0.998669 -0.049468 83.6865 -0.999854 -0.0141364 0.00954887 158.766 0.00883685 0.0496002 0.99873 3.66009
-0.0174445 0.998328 -0.0551135 85.6839 -0.999841 -0.0172093 0.00474052 158.626 0.00378412 0.0551874 0.998469 3.6918
-0.0169037 0.998949 -0.0425924 87.6393 -0.999853 -0.0167702 0.00348826 158.552 0.0027703 0.0426451 0.999086 3.80887
-0.014827 0.998615 -0.0504859 89.6084 -0.999837 -0.0153286 -0.00956099 158.388 -0.0103216 0.0503359 0.998679 3.89549
-0.0189409 0.9987 -0.0473188 91.5423 -0.999817 -0.0190374 -0.00159001 158.298 -0.00248878 0.0472801 0.998879 3.97515
-0.0201883 0.99809 -0.0583854 93.4754 -0.999787 -0.0198986 0.00553706 158.202 0.0043647 0.0584847 0.998279 3.91785
-0.020555 0.998863 -0.0430029 95.436 -0.999787 -0.0206103 -0.000843488 158.071 -0.00172883 0.0429764 0.999075 4.04395
-0.0202637 0.998201 -0.0564353 97.3755 -0.999681 -0.021081 -0.0139237 157.952 -0.0150884 0.0561352 0.998309 4.07604
-0.0198945 0.998803 -0.0446912 99.3794 -0.9998 -0.0199722 -0.00129282 157.781 -0.00218386 0.0446565 0.999 4.16153
-0.0152641 0.998313 -0.0560207 101.285 -0.999825 -0.015843 -0.0099039 157.661 -0.0107747 0.0558597 0.99838 4.30085
-0.0118536 0.99826 -0.0577691 103.204 -0.999896 -0.0123055 -0.00747208 157.509 -0.00816995 0.0576746 0.998302 4.40738
-0.0104115 0.997902 -0.063901 105.093 -0.999815 -0.0114243 -0.0155035 157.405 -0.016201 0.0637277 0.997836 4.43211
-0.00639762 0.997982 -0.0631818 106.943 -0.999906 -0.00714986 -0.011687 157.298 -0.0121152 0.0631012 0.997934 4.60232
0.00276055 0.997986 -0.0633682 109.158 -0.999946 0.00211837 -0.0101997 157.208 -0.0100449 0.063393 0.997938 4.64277
0.00729371 0.998774 -0.0489676 111.421 -0.999948 0.00693506 -0.00749032 157.099 -0.00714154 0.0490197 0.998772 4.79083
0.0120224 0.99851 -0.0532245 113.569 -0.999916 0.0117512 -0.00540523 156.961 -0.00477172 0.053285 0.998568 4.9126
0.016528 0.998353 -0.0549416 115.561 -0.999863 0.0164835 -0.00126421 156.956 -0.000356496 0.054955 0.998489 4.97217
0.0185064 0.998506 -0.0514074 117.595 -0.999829 0.0184882 -0.000830687 156.9 0.000120984 0.051414 0.998677 5.10513
0.0217378 0.998567 -0.0489078 119.944 -0.999727 0.0221302 0.00749657 156.821 0.00856816 0.0487315 0.998775 5.10865
0.029606 0.998242 -0.0513532 122.069 -0.999478 0.0302283 0.0113823 156.778 0.0129146 0.0509894 0.998616 5.2467
0.0308044 0.998366 -0.048118 124.248 -0.99947 0.0312724 0.00900467 156.765 0.0104947 0.0478152 0.998801 5.33172
0.0139803 0.999182 -0.037938 126.175 -0.99987 0.0142726 0.00744573 156.683 0.00798112 0.037829 0.999252 5.41188
-0.0480191 0.997844 -0.0447372 127.946 -0.998816 -0.0476213 0.00991687 156.459 0.00776506 0.0451604 0.99895 5.48282
-0.161151 0.986231 -0.0371433 129.793 -0.986929 -0.161 0.00705987 156.144 0.000982614 0.0377955 0.999285 5.53248
-0.314886 0.948479 -0.0351254 131.442 -0.949128 -0.314602 0.0134975 155.601 0.00175158 0.0375886 0.999292 5.56525
-0.498797 0.86602 -0.0348055 132.781 -0.866706 -0.498606 0.014578 154.807 -0.00472944 0.0374376 0.999288 5.58292
-0.685592 0.726201 -0.0509566 134.015 -0.727612 -0.685803 0.0159652 153.73 -0.0233522 0.0480222 0.998573 5.5844
-0.819171 0.571815 -0.0445719 134.926 -0.573346 -0.818474 0.0370822 152.496 -0.0152768 0.0559318 0.998318 5.66417
-0.910905 0.411391 -0.0317762 135.616 -0.412427 -0.910117 0.0398908 151.157 -0.0125093 0.0494421 0.998699 5.72258
-0.96948 0.243805 -0.0258206 136.034 -0.244465 -0.969296 0.0265099 149.616 -0.0185645 0.0320131 0.999315 5.71427
-0.99293 0.116925 -0.0204709 136.284 -0.117695 -0.992174 0.0416979 147.834 -0.0154352 0.0438124 0.998921 5.83806
-0.998703 0.0500773 -0.00913671 136.335 -0.0503752 -0.998083 0.0359624 145.953 -0.00731829 0.036376 0.999311 5.82478
-0.999591 0.0259459 -0.0119922 136.375 -0.0264186 -0.998806 0.0410983 143.939 -0.0109116 0.0413983 0.999083 5.87065
-0.999696 0.0241813 -0.00470723 136.343 -0.0243364 -0.999044 0.0363025 141.851 -0.00382489 0.036406 0.99933 5.89221
-0.999745 0.0198603 -0.0107846 136.338 -0.02021 -0.999239 0.0333559 139.771 -0.010114 0.0335653 0.999385 5.91996
-0.999864 0.00784199 -0.0145339 136.265 -0.00831477 -0.999429 0.0327595 137.431 -0.0142687 0.0328759 0.999358 5.97818
-0.999985 -0.00507511 -0.00224813 136.152 0.00501264 -0.999624 0.0269689 135.519 -0.00238416 0.0269572 0.999634 6.00524
-0.999933 -0.0114871 -0.00144371 136.068 0.0114529 -0.999696 0.0218382 133.536 -0.00169413 0.0218202 0.999761 6.07344
-0.999891 -0.014763 -0.000825331 135.934 0.0147429 -0.999681 0.0205189 131.511 -0.00112798 0.0205045 0.999789 6.07093
-0.999836 -0.017573 -0.00433515 135.828 0.0174544 -0.999509 0.0260248 129.458 -0.00479035 0.0259449 0.999652 6.09054
-0.999797 -0.0201365 -0.000979517 135.66 0.0201091 -0.99954 0.0226791 127.29 -0.00143574 0.0226547 0.999742 6.15456
-0.999709 -0.0241223 0.00104244 135.533 0.024139 -0.999485 0.0211479 125.106 0.000531766 0.0211669 0.999776 6.21209
-0.999309 -0.0333858 -0.0163439 135.41 0.0329832 -0.99916 0.0243141 122.841 -0.0171419 0.0237582 0.999571 6.20316
-0.999389 -0.0346243 0.00487124 135.226 0.0347172 -0.999187 0.020494 120.585 0.00415769 0.0206506 0.999778 6.25914
-0.998894 -0.0469569 -0.00234986 134.986 0.0469219 -0.998811 0.0132305 118.274 -0.00296833 0.0131056 0.99991 6.26392
-0.998889 -0.0470991 0.00181747 134.785 0.0471212 -0.998775 0.0150872 115.931 0.00110465 0.0151561 0.999885 6.27763
-0.998814 -0.0479751 -0.00827291 134.57 0.0478741 -0.998781 0.0120042 113.996 -0.00883873 0.0115939 0.999894 6.35501
-0.999034 -0.0435517 -0.00578863 134.393 0.0434804 -0.998983 0.0119208 111.754 -0.00630191 0.0116576 0.999912 6.36166
-0.999162 -0.0397897 0.00957093 134.193 0.0398834 -0.999156 0.0097971 109.563 0.00917303 0.0101706 0.999906 6.3805
-0.99945 -0.0327975 -0.00490539 133.979 0.0327375 -0.999393 0.0118555 107.454 -0.00529124 0.0116884 0.999918 6.33278
-0.999907 -0.0130299 -0.00392127 133.873 0.012986 -0.999855 0.0110386 105.171 -0.00406454 0.0109867 0.999931 6.3101
-0.999962 0.00689005 -0.00524394 133.813 -0.00694161 -0.999927 0.00987818 102.952 -0.00517549 0.00991422 0.999937 6.33172
-0.999878 0.0152057 0.00359806 133.76 -0.0151727 -0.999844 0.00904918 100.753 0.0037351 0.00899348 0.999953 6.31527
-0.999827 0.018285 0.00326557 133.719 -0.0182471 -0.99977 0.0112668 98.7982 0.00347083 0.0112053 0.999931 6.37505
-0.999739 0.0202172 0.0106506 133.68 -0.0201159 -0.999752 0.00952781 96.726 0.0108406 0.00931107 0.999898 6.34927
-0.999775 0.0210762 0.00237095 133.686 -0.0210567 -0.999746 0.00798472 94.4535 0.00253864 0.007933 0.999965 6.32347
-0.999796 0.0195725 0.00505833 133.654 -0.0195278 -0.999771 0.0087351 92.1141 0.00522814 0.00863454 0.999949 6.26764
-0.999804 0.0171269 -0.00987413 133.64 -0.0172485 -0.999775 0.0123624 90.1432 -0.00966018 0.0125303 0.999875 6.26009
-0.999806 0.0113594 -0.0160834 133.582 -0.0116052 -0.999816 0.0152691 87.7636 -0.015907 0.0154528 0.999754 6.2894
-0.999992 0.00252855 -0.00303667 133.498 -0.00256842 -0.99991 0.0131964 85.382 -0.00300303 0.0132041 0.999908 6.22312
-0.999925 -0.00979427 -0.0074419 133.455 0.00972294 -0.999907 0.00956186 83.1115 -0.00753486 0.00948879 0.999927 6.26217
-0.999774 -0.0195095 -0.00847356 133.345 0.0193985 -0.999727 0.0129829 80.8689 -0.00872454 0.0128156 0.99988 6.29175
-0.999388 -0.0320887 -0.013934 133.172 0.0319392 -0.999431 0.0108207 78.6332 -0.0142733 0.0103691 0.999844 6.31492
-0.999058 -0.0404859 -0.0156398 132.983 0.0403815 -0.99916 0.0069347 76.3166 -0.0159074 0.0062966 0.999854 6.36464
-0.998513 -0.0496585 -0.0225057 132.797 0.0495293 -0.998753 0.00626247 74.0141 -0.0227887 0.00513846 0.999727 6.30954
-0.998166 -0.0578568 -0.0178194 132.612 0.0577934 -0.99832 0.00405609 71.7381 -0.0180241 0.00301881 0.999833 6.22537
-0.997777 -0.0629126 -0.0219881 132.403 0.0629239 -0.998019 0.000177386 69.7727 -0.0219557 -0.00120658 0.999758 6.20577
-0.998048 -0.0526833 -0.0335345 132.284 0.0524997 -0.998601 0.00633406 67.8648 -0.0338212 0.00456115 0.999417 6.20911
-0.998762 -0.0338858 -0.0364164 132.071 0.0336818 -0.999413 0.00620124 65.8467 -0.0366052 0.004967 0.999317 6.16641
-0.999114 -0.012672 -0.0401375 131.951 0.0124588 -0.999907 0.0055577 63.7978 -0.0402042 0.00505271 0.999179 6.15703
-0.999356 0.00597136 -0.0353731 131.932 -0.00624315 -0.999952 0.00757824 61.9309 -0.0353262 0.00779421 0.999345 6.10991
-0.999303 0.0137175 -0.0347056 131.914 -0.0141775 -0.999814 0.0130431 59.9472 -0.0345202 0.013526 0.999312 6.03514
-0.999273 0.0140687 -0.0354257 131.848 -0.0145451 -0.999807 0.013228 57.9129 -0.0352327 0.0137336 0.999285 6.07753
-0.999526 0.012406 -0.0281851 131.781 -0.0127685 -0.999838 0.0127187 55.8551 -0.0280227 0.0130725 0.999522 6.01581
-0.999505 0.0119611 -0.0291085 131.719 -0.0122715 -0.99987 0.0105074 53.6742 -0.0289791 0.0108594 0.999521 6.06744
-0.999434 0.0117354 -0.0315285 131.664 -0.012093 -0.999864 0.0111769 51.6438 -0.0313931 0.0115519 0.99944 5.96531
-0.999532 0.0128482 -0.0277564 131.638 -0.0131324 -0.999863 0.0100797 49.5806 -0.0276231 0.0104395 0.999564 5.99176
-0.999761 0.00837009 -0.0201657 131.582 -0.00849843 -0.999944 0.00628732 47.4123 -0.020112 0.0064572 0.999777 5.99645
-0.999699 0.00279774 -0.0243509 131.496 -0.00308497 -0.999926 0.0117657 45.3364 -0.0243162 0.0118373 0.999634 5.92261
-0.999585 -0.00152497 -0.0287624 131.406 0.00113377 -0.999907 0.0136127 43.1101 -0.0287805 0.0135744 0.999494 5.94632
-0.999568 -0.00275839 -0.0292675 131.324 0.00233593 -0.999893 0.0144587 40.909 -0.0293043 0.0143841 0.999467 5.92092
-0.99953 -0.00585432 -0.0300962 131.221 0.00554531 -0.999931 0.0103407 38.6995 -0.0301546 0.0101689 0.999494 5.94136
-0.998972 -0.00677935 -0.0448116 131.124 0.00635743 -0.999934 0.00955122 36.4283 -0.0448734 0.00925652 0.99895 5.90209
-0.999615 -0.00886285 -0.0263007 131.001 0.00833536 -0.999763 0.0200988 34.1773 -0.0264726 0.0198718 0.999452 5.93293
-0.999533 -0.00772691 -0.0295634 130.895 0.00724005 -0.999837 0.0165403 31.8603 -0.0296864 0.0163185 0.999426 5.92185
-0.999532 -0.00883879 -0.0292847 130.774 0.00828009 -0.999782 0.0191449 29.5777 -0.0294475 0.0188935 0.999388 5.93535
-0.999723 -0.0089299 -0.0217709 130.625 0.00874082 -0.999924 0.00876521 27.156 -0.0218475 0.00857249 0.999725 5.96076
-0.999911 -0.0115709 -0.00657822 130.474 0.0114538 -0.99978 0.0175676 24.7916 -0.00678005 0.0174907 0.999824 6.0133
-0.999715 -0.0174227 -0.0163227 130.335 0.0171616 -0.999725 0.016002 22.2265 -0.016597 0.0157173 0.999739 6.04698
-0.99935 -0.0278552 -0.0228769 130.22 0.0275773 -0.999543 0.0123759 20.4355 -0.0232112 0.0117369 0.999662 5.938
-0.998739 -0.039867 -0.0305255 130.047 0.0395801 -0.999167 0.00994459 18.5299 -0.0308965 0.00872384 0.999485 6.00878
-0.997019 -0.0506932 -0.0581731 129.901 0.0509364 -0.998698 -0.0027056 16.6357 -0.0579602 -0.00566067 0.998303 5.9221
-0.996599 -0.0614243 -0.05493 129.697 0.0612148 -0.998109 0.00549107 14.7267 -0.0551634 0.00210987 0.998475 5.8805
-0.995474 -0.0741305 -0.0594765 129.485 0.0738933 -0.997247 0.00618095 12.7771 -0.059771 0.00175805 0.998211 5.85674
-0.994236 -0.0844276 -0.0660812 129.202 0.0839151 -0.996418 0.0104983 10.7912 -0.0667308 0.00489257 0.997759 5.83251
-0.993649 -0.087593 -0.07064 128.977 0.087348 -0.996156 0.00655577 8.74445 -0.0709428 0.00034387 0.99748 5.76234
-0.991652 -0.0932273 -0.0890798 128.771 0.093286 -0.995633 0.00351278 6.91703 -0.0890183 -0.00482644 0.996018 5.66137
-0.9923 -0.096571 -0.0775509 128.469 0.0962065 -0.995326 0.00843066 4.99906 -0.0780025 0.000904851 0.996953 5.61735
-0.99283 -0.0895338 -0.0792045 128.216 0.0892145 -0.995984 0.00756807 3.06283 -0.079564 0.000447617 0.99683 5.5925
-0.993807 -0.0815099 -0.0755279 127.903 0.0813174 -0.996672 0.00562518 1.12811 -0.0757351 -0.000551388 0.997128 5.65361
-0.994343 -0.0702585 -0.0796645 127.755 0.0696139 -0.997515 0.010844 -0.700068 -0.0802284 0.00523688 0.996763 5.54067
-0.996097 -0.0578707 -0.0666439 127.537 0.0577813 -0.998324 0.00327025 -2.58245 -0.0667214 -0.000593282 0.997772 5.58544
-0.997149 -0.0451154 -0.0604852 127.357 0.0449248 -0.99898 0.00450868 -4.41645 -0.0606269 0.00177854 0.998159 5.63383
-0.996164 -0.0359765 -0.0797743 127.158 0.0364443 -0.999326 -0.00441489 -6.80296 -0.0795617 -0.00730527 0.996803 5.55624
-0.996726 -0.035336 -0.0727243 126.981 0.035597 -0.999363 -0.00229531 -9.15031 -0.0725969 -0.00487656 0.997349 5.5316
-0.996121 -0.0382432 -0.0792461 126.767 0.0385956 -0.999251 -0.00291892 -11.1619 -0.0790751 -0.00596615 0.996851 5.49703
-0.996276 -0.0466129 -0.0725379 126.583 0.0468762 -0.998899 -0.00192989 -13.1462 -0.072368 -0.005323 0.997364 5.47753
-0.994851 -0.0800918 -0.0621021 126.383 0.0796254 -0.996775 0.00995413 -15.1822 -0.0626991 0.00495797 0.99802 5.44332
-0.973481 -0.224979 -0.0414655 126.221 0.225057 -0.974342 0.00283175 -17.1522 -0.0410386 -0.00657543 0.999136 5.45436
-0.857356 -0.513398 -0.0369097 125.508 0.5136 -0.858018 0.00449587 -18.6554 -0.0339773 -0.0151023 0.999309 5.37407
-0.609589 -0.792106 -0.0311475 124.226 0.792303 -0.61007 0.00837746 -19.5615 -0.025638 -0.0195715 0.99948 5.18524
-0.306712 -0.951571 -0.0209808 122.482 0.951087 -0.307262 0.0319995 -20.1187 -0.0368963 -0.0101399 0.999268 5.0922
-0.0906741 -0.995583 -0.0243403 120.498 0.99588 -0.0906339 -0.00275085 -20.3134 0.000532646 -0.0244895 0.9997 4.96651
-0.0366837 -0.999133 -0.0196886 118.289 0.999323 -0.0366182 -0.00367764 -20.4049 0.00295349 -0.0198102 0.999799 4.95324
-0.0192974 -0.99959 -0.021149 116.096 0.999681 -0.019635 0.0158716 -20.3929 -0.0162804 -0.020836 0.99965 4.7871
-0.0071385 -0.999617 -0.0267293 113.726 0.999947 -0.0073356 0.00728163 -20.3565 -0.00747492 -0.0266759 0.999616 4.77488
-0.00116791 -0.999782 -0.0208377 111.549 0.999997 -0.001124 -0.00211514 -20.3074 0.00209126 -0.0208401 0.999781 4.7218
0.00114047 -0.99975 -0.0223379 109.274 0.999985 0.00125998 -0.0053398 -20.3188 0.00536661 -0.0223315 0.999736 4.70643
0.000237494 -0.999759 -0.0219645 106.894 0.999977 8.86217e-05 0.00677702 -20.1677 -0.00677343 -0.0219656 0.999736 4.59286
-0.00372581 -0.99965 -0.0262045 104.415 0.999991 -0.00367379 -0.00203537 -20.0027 0.00193839 -0.0262119 0.999655 4.58505
-0.00457636 -0.999606 -0.0276752 102.371 0.999983 -0.00467425 0.00347263 -19.9226 -0.00360063 -0.0276589 0.999611 4.50448
-0.00441183 -0.999792 -0.0198988 100.415 0.999973 -0.00452656 0.00572179 -19.8596 -0.00581068 -0.0198731 0.999786 4.47469
-0.00175084 -0.999816 -0.0191281 98.2566 0.999881 -0.00204313 0.015267 -19.7364 -0.0153033 -0.0190991 0.9997 4.45651
-0.0010038 -0.999901 -0.0140102 96.2057 0.999828 -0.00126325 0.0185176 -19.6153 -0.0185335 -0.0139892 0.99973 4.35582
-0.000781276 -0.999753 -0.0222182 93.9682 0.999851 -0.00116431 0.0172307 -19.531 -0.0172523 -0.0222015 0.999605 4.29974
-0.000520615 -0.999556 -0.02979 91.814 0.999955 -0.000802877 0.00946354 -19.4238 -0.00948326 -0.0297837 0.999511 4.2572
0.000170022 -0.999761 -0.0218468 89.5465 0.999961 -2.2657e-05 0.00882119 -19.3318 -0.00881958 -0.0218474 0.999722 4.1473
2.59965e-05 -0.999774 -0.0212772 87.2884 0.999936 -0.00021524 0.0113375 -19.2213 -0.0113395 -0.0212762 0.999709 4.08455
9.26945e-05 -0.999622 -0.0275067 84.9416 0.999916 -0.000264334 0.0129766 -19.1085 -0.012979 -0.0275056 0.999537 4.01149
0.000768268 -0.999608 -0.0279787 82.5929 0.999946 0.000477773 0.0103877 -18.978 -0.0103703 -0.0279852 0.999555 3.8801
-0.000736599 -0.999584 -0.0288413 80.2825 0.999878 -0.00118536 0.0155439 -18.8977 -0.0155717 -0.0288264 0.999463 3.86711
-0.000937716 -0.999709 -0.0241207 77.8793 0.999787 -0.00143488 0.0206036 -18.7424 -0.0206322 -0.0240962 0.999497 3.71528
-0.000789079 -0.99942 -0.0340416 75.5027 0.999897 -0.00127597 0.0142854 -18.5933 -0.0143206 -0.0340268 0.999318 3.76382
9.20848e-06 -0.999665 -0.0258969 73.0299 0.999745 -0.000575134 0.022556 -18.4915 -0.0225633 -0.0258905 0.99941 3.58871
0.0012835 -0.999364 -0.035629 70.5172 0.999843 0.000653508 0.0176868 -18.4006 -0.0176522 -0.0356461 0.999209 3.48972
0.00211325 -0.99956 -0.0295849 68.0056 0.999864 0.00162853 0.0164014 -18.3444 -0.016346 -0.0296155 0.999428 3.34639
-0.000896235 -0.999359 -0.0357799 65.491 0.999948 -0.00125831 0.0100987 -18.1822 -0.0101372 -0.035769 0.999309 3.25839
-0.00218461 -0.999727 -0.0232689 62.8673 0.999946 -0.00242049 0.010115 -18.0545 -0.0101686 -0.0232455 0.999678 3.14289
-0.00242373 -0.999611 -0.0278012 60.2864 0.999992 -0.00250807 0.00299957 -17.9557 -0.00306813 -0.0277937 0.999609 2.99074
-0.0025145 -0.999441 -0.0333202 57.547 0.999819 -0.00314026 0.0187431 -17.881 -0.0188373 -0.0332671 0.999269 2.86872
-0.00244934 -0.999241 -0.0388797 54.9918 0.99985 -0.00311331 0.0170247 -17.7156 -0.0171328 -0.0388322 0.999099 2.78057
-0.00412086 -0.998977 -0.0450258 53.0967 0.999729 -0.0051463 0.0226825 -17.6429 -0.022891 -0.0449202 0.998728 2.68573
-0.0031254 -0.999236 -0.038964 50.401 0.999854 -0.00377627 0.0166424 -17.5305 -0.0167769 -0.0389063 0.999102 2.56309
-0.00253606 -0.999312 -0.0369911 47.5633 0.99988 -0.00309957 0.0151831 -17.4888 -0.0152873 -0.0369482 0.9992 2.40809
-0.000429309 -0.999507 -0.0314072 44.9655 0.999952 -0.000734877 0.00971605 -17.3099 -0.00973434 -0.0314015 0.999459 2.3524
0.000562231 -0.999198 -0.0400407 42.2983 0.999991 0.00073434 -0.00428396 -17.1565 0.00430992 -0.0400379 0.999189 2.172
0.00368068 -0.999114 -0.0419361 39.5776 0.999983 0.00348957 0.0046298 -17.01 -0.00447936 -0.0419524 0.99911 2.06813
0.00632546 -0.99946 -0.0322388 36.9704 0.999975 0.00622395 0.00324808 -16.8668 -0.00304568 -0.0322585 0.999475 2.02805
0.0106776 -0.9991 -0.0410512 34.2764 0.999759 0.00987861 0.0196162 -16.7541 -0.019193 -0.0412507 0.998964 1.84158
0.0144282 -0.999382 -0.0320644 31.6564 0.999723 0.0138229 0.01902 -16.6141 -0.018565 -0.0323299 0.999305 1.69215
0.0178128 -0.999371 -0.0306499 29.0499 0.999686 0.0172616 0.0181529 -16.4776 -0.0176124 -0.0309636 0.999365 1.55793
0.0213694 -0.998829 -0.043408 26.6579 0.999458 0.0202549 0.025955 -16.3478 -0.0250454 -0.0439391 0.99872 1.44278
0.020998 -0.999112 -0.0365125 24.2257 0.999574 0.0202397 0.021017 -16.1675 -0.0202593 -0.0369383 0.999112 1.4088
0.0223473 -0.998681 -0.0462313 21.9153 0.999599 0.0215146 0.0184321 -16.0409 -0.0174131 -0.0466247 0.998761 1.27964
0.0202061 -0.999035 -0.0390084 19.5531 0.999614 0.0194429 0.0198464 -15.9183 -0.0190688 -0.0393944 0.999042 1.0925
0.0164926 -0.998693 -0.0483794 17.3766 0.999704 0.0156054 0.0186589 -15.7496 -0.0178795 -0.0486729 0.998655 1.0743
0.0118448 -0.998655 -0.0504859 15.2938 0.999661 0.0106565 0.023742 -15.6079 -0.0231721 -0.05075 0.998443 1.02022
0.00862313 -0.998612 -0.0519531 13.3162 0.999831 0.00776605 0.0166769 -15.4781 -0.0162503 -0.0520881 0.99851 0.93123
0.00526883 -0.998521 -0.0541201 11.3672 0.99973 0.00403435 0.0228959 -15.3788 -0.0226437 -0.0542261 0.998272 0.770131
0.00541499 -0.99833 -0.0575169 9.032 0.999704 0.00403966 0.0240019 -15.2833 -0.0237295 -0.0576298 0.998056 0.502848
0.0281725 -0.997748 -0.0608749 7.02819 0.999561 0.0275599 0.010879 -15.0192 -0.00917683 -0.0611547 0.998086 0.548123
0.0843078 -0.994549 -0.0613548 5.28657 0.996429 0.0838571 0.00988913 -14.7236 -0.00469018 -0.0619695 0.998067 0.492484
0.203019 -0.977338 -0.0599453 3.53267 0.979174 0.202581 0.0133577 -14.274 -0.000911145 -0.0614088 0.998112 0.364922
0.364152 -0.928984 -0.066197 2.12727 0.930938 0.365162 -0.00343583 -13.6628 0.0273645 -0.0603741 0.997801 0.272623
0.536885 -0.840784 -0.0695539 0.739106 0.843028 0.537839 0.0057843 -12.8294 0.0325454 -0.0617413 0.997561 0.229265
0.69907 -0.70886 -0.0939081 -0.384389 0.711661 0.702505 -0.00506997 -11.8101 0.0695648 -0.0632864 0.995568 0.240384
0.862502 -0.497058 -0.094993 -1.32656 0.498672 0.866757 -0.00761077 -10.4432 0.0861188 -0.0408061 0.995449 0.192269
0.964444 -0.250685 -0.0836924 -1.76892 0.251279 0.967908 -0.00353716 -8.87867 0.0818933 -0.0176187 0.996485 0.136425
0.994095 0.0717127 -0.0814377 -1.80541 -0.0735847 0.997084 -0.0202188 -6.80829 0.0797503 0.026092 0.996473 0.103013
0.980746 0.176626 -0.0833147 -1.52991 -0.179256 0.983481 -0.0251613 -4.85229 0.0774942 0.0396115 0.996206 0.175754
0.983816 0.160555 -0.0795487 -1.1657 -0.163053 0.986276 -0.0259406 -2.97633 0.0742921 0.0384915 0.996493 0.17344
0.993019 0.0940541 -0.0711791 -0.890568 -0.0967707 0.994665 -0.0357231 -1.1843 0.0674395 0.0423618 0.996824 0.174748
0.997542 0.0103983 -0.069299 -0.666497 -0.0130401 0.999201 -0.0377789 0.770392 0.0688508 0.0385897 0.99688 0.0443058
0.99528 -0.0655867 -0.0715288 -0.629073 0.0627139 0.99716 -0.0416982 2.94869 0.0740605 0.0370155 0.996567 0.124004
0.989941 -0.115368 -0.0818914 -0.663191 0.111804 0.992625 -0.0468617 4.82036 0.0866938 0.0372345 0.995539 0.232297
0.987566 -0.134863 -0.080774 -0.740179 0.131504 0.990267 -0.0455731 6.80038 0.086134 0.0343843 0.99569 0.228255
0.986806 -0.137863 -0.0849016 -0.871776 0.134601 0.989964 -0.04305 8.72791 0.0899846 0.0310542 0.995459 0.169018
0.985764 -0.134925 -0.100319 -1.05291 0.132809 0.99076 -0.0275158 10.8951 0.103104 0.0138009 0.994575 0.389034
0.989283 -0.114609 -0.0904641 -1.22375 0.112913 0.993323 -0.0236654 13.0098 0.0925724 0.0131972 0.995618 0.602081
0.991563 -0.0816344 -0.100693 -1.31184 0.0798377 0.996571 -0.0217529 15.1344 0.102124 0.0135302 0.99468 0.680248
0.993003 -0.048593 -0.107625 -1.27686 0.0464917 0.998677 -0.0219495 17.3028 0.108549 0.0167923 0.993949 0.640967
0.994843 -0.0138306 -0.100474 -1.1702 0.0115041 0.999653 -0.0236982 19.5656 0.100767 0.0224201 0.994657 0.465523
0.994408 0.0144946 -0.104604 -1.10787 -0.0170975 0.999565 -0.02403 21.6829 0.10421 0.0256841 0.994224 0.66234
0.993736 0.0332082 -0.106704 -0.978751 -0.0356512 0.999142 -0.0210692 23.9133 0.105913 0.0247414 0.994068 0.762279
0.994302 0.0389914 -0.0992129 -0.788228 -0.0406714 0.999061 -0.0149659 26.0952 0.0985361 0.0189158 0.994954 0.781505
0.991277 0.0405101 -0.125414 -0.54417 -0.0420064 0.999074 -0.00930787 28.3693 0.124921 0.0144949 0.992061 0.67437
0.991012 0.0382917 -0.128173 -0.288355 -0.040429 0.999083 -0.0141146 30.634 0.127515 0.0191697 0.991651 0.494509
0.990757 0.0366298 -0.130607 -0.14106 -0.0386324 0.999171 -0.0128315 32.9212 0.130029 0.0177586 0.991351 0.767494
0.990891 0.031231 -0.130993 0.0492167 -0.0325787 0.999436 -0.00815707 35.2225 0.130664 0.0123503 0.99135 0.849956
0.990115 0.0244005 -0.13812 0.177026 -0.0257824 0.999634 -0.00822463 37.5746 0.137868 0.0117044 0.990381 0.947382
0.98931 0.0179743 -0.144718 0.346949 -0.018101 0.999836 0.000440888 39.9162 0.144702 0.00218336 0.989473 0.98978
0.990345 0.0108735 -0.1382 0.495282 -0.0117074 0.999918 -0.00522241 42.3227 0.138132 0.00678995 0.990391 0.939327
0.990523 0.00411098 -0.137286 0.631146 -0.00520586 0.999957 -0.0076171 44.7874 0.137249 0.0082596 0.990502 0.931829
0.988783 -0.00299707 -0.149328 0.747812 0.00253218 0.999991 -0.00330323 47.2464 0.149336 0.00288806 0.988782 0.930808
0.989211 -0.00835224 -0.146259 0.860087 0.0087492 0.99996 0.00207102 49.6062 0.146236 -0.00332832 0.989244 0.804274
0.989781 -0.0122746 -0.14207 0.944224 0.0123963 0.999923 -2.81022e-05 51.9783 0.142059 -0.00173332 0.989857 0.757509
0.990859 -0.015342 -0.134029 0.989326 0.015446 0.999881 -0.000264213 54.311 0.134017 -0.0018084 0.990977 0.668192
0.990499 -0.0169694 -0.136465 1.05461 0.0155093 0.999811 -0.0117558 56.5446 0.136639 0.00952765 0.990575 0.451642
0.98881 -0.0184314 -0.148038 1.14772 0.0161447 0.999731 -0.016634 58.8282 0.148305 0.0140578 0.988842 0.6365
0.989799 -0.016571 -0.141506 1.23394 0.0154187 0.999838 -0.0092361 60.9346 0.141636 0.00696005 0.989894 0.75219
0.989038 -0.0187211 -0.146472 1.26862 0.0171936 0.999784 -0.0116874 63.1065 0.146659 0.00904091 0.989146 0.755118
0.985671 -0.0186993 -0.16764 1.29139 0.017802 0.999818 -0.00685376 65.1659 0.167738 0.00377122 0.985824 0.655698
0.98542 -0.00455692 -0.170075 1.33693 0.00321781 0.999962 -0.00814843 67.1419 0.170106 0.00748236 0.985397 0.556934
0.986821 0.0215181 -0.160378 1.4358 -0.0231515 0.999697 -0.00832339 69.0602 0.16015 0.0119267 0.987021 0.795113
0.983933 0.0427617 -0.17334 1.64993 -0.0452092 0.998926 -0.0101945 70.9928 0.172718 0.0178673 0.984809 0.918822
0.986245 0.0552326 -0.155791 1.83986 -0.0575214 0.998292 -0.0102182 72.9537 0.15496 0.019039 0.987737 0.95193
0.98479 0.0629639 -0.16194 2.10861 -0.0653196 0.997821 -0.00925854 74.9901 0.161004 0.0196955 0.986757 0.97867
0.9876 0.0658946 -0.142496 2.33004 -0.0677594 0.997667 -0.00826927 76.9595 0.141619 0.0178222 0.989761 1.03202
0.987998 0.0648209 -0.140207 2.55591 -0.0646647 0.997891 0.00567418 78.985 0.140279 0.00346037 0.990106 1.06126
0.989116 0.0639044 -0.132537 2.80752 -0.0637489 0.997951 0.00542128 81.1294 0.132612 0.0030868 0.991163 1.03014
0.988988 0.0604489 -0.13509 3.07447 -0.0608628 0.998146 0.00106809 83.2526 0.134904 0.00716563 0.990833 1.00363
0.988526 0.0577195 -0.139586 3.30362 -0.0583186 0.998298 -0.000201957 85.4812 0.139336 0.00834007 0.99021 0.994993
0.989353 0.0479749 -0.137404 3.53225 -0.0486025 0.998817 -0.00121482 87.6632 0.137183 0.00788007 0.990514 0.970226
0.990753 0.0397015 -0.129738 3.725 -0.0402631 0.999188 -0.001708 89.9667 0.129565 0.00691586 0.991547 0.901602
0.991012 0.0296925 -0.130437 3.91222 -0.0309573 0.999491 -0.00767954 92.24 0.130143 0.0116485 0.991427 0.75229
0.990607 0.0234871 -0.134709 4.10764 -0.0228482 0.999719 0.0062871 94.6133 0.134819 -0.00315018 0.990865 0.825953
0.991604 0.0150246 -0.128435 4.25016 -0.0139123 0.999858 0.00955329 96.9725 0.128561 -0.00768625 0.991672 0.920285
0.992204 0.00498 -0.124526 4.42049 -0.00461475 0.999984 0.00322136 99.3788 0.12454 -0.00262159 0.992211 0.826707
0.992189 -6.87527e-05 -0.124747 4.5051 0.000708271 0.999987 0.00508215 101.281 0.124745 -0.00513081 0.992176 0.791263
0.991851 -0.00433491 -0.127327 4.59923 0.0045516 0.999989 0.00141093 103.762 0.127319 -0.00197898 0.99186 0.634501
0.993725 -0.0058783 -0.111701 4.68603 0.00609414 0.99998 0.00159107 105.636 0.111689 -0.0022618 0.993741 0.767934
0.992994 -0.00846737 -0.117858 4.80238 0.00879369 0.999959 0.002249 107.611 0.117834 -0.00326965 0.993028 0.78582
0.992486 -0.00738461 -0.122132 4.87618 0.00757691 0.999971 0.00111005 109.537 0.122121 -0.00202709 0.992513 0.806297
0.99337 -0.0061984 -0.11479 4.95674 0.00642994 0.999978 0.00164694 111.513 0.114777 -0.00237412 0.993388 0.809756
0.993277 -0.00382663 -0.115697 5.05477 0.00307525 0.999973 -0.00667222 113.508 0.115719 0.00627157 0.993262 0.674634
0.993817 0.00192911 -0.111012 5.10845 -0.0029774 0.999953 -0.009278 115.479 0.110989 0.00955117 0.993776 0.556711
0.994257 0.00331001 -0.106967 5.26025 -0.00406373 0.999968 -0.00682908 117.555 0.106941 0.00722455 0.994239 0.727677
0.995032 0.00504318 -0.0994229 5.35948 -0.00446061 0.999972 0.00608094 119.618 0.0994507 -0.00560725 0.995027 0.706491
0.995187 0.00279477 -0.0979499 5.50468 -0.00287808 0.999996 -0.000709298 122.325 0.0979475 0.000987792 0.995191 0.703841
0.995922 0.000939777 -0.0902165 5.57787 -0.00141743 0.999985 -0.00523062 124.359 0.0902102 0.00533716 0.995908 0.616694
0.996106 0.00476393 -0.0880395 5.68427 -0.00442445 0.999982 0.00405072 126.465 0.0880572 -0.00364541 0.996109 0.490463
0.997197 0.00638715 -0.0745522 5.80653 -0.00666248 0.999972 -0.00344505 128.431 0.0745281 0.00393209 0.997211 0.650289
0.997821 0.00679138 -0.0656357 5.93011 -0.00719779 0.999956 -0.00595729 130.463 0.0655924 0.00641673 0.997826 0.632221
0.997158 0.00959302 -0.0747314 6.03259 -0.00940641 0.999952 0.00284867 132.471 0.0747552 -0.00213762 0.9972 0.628954
0.997214 0.0101376 -0.0739026 6.11997 -0.0106453 0.999922 -0.00647964 134.504 0.0738312 0.0072483 0.997244 0.605256
0.997454 0.0130779 -0.0700989 6.20296 -0.0132831 0.999909 -0.00246215 136.469 0.0700603 0.00338702 0.997537 0.452155
0.997084 0.0145262 -0.0749137 6.32514 -0.0144184 0.999894 0.00197956 138.366 0.0749346 -0.000893649 0.997188 0.631699
0.99765 0.0172299 -0.066313 6.4587 -0.0169458 0.999845 0.00484453 140.353 0.0663862 -0.00370942 0.997787 0.58986
0.997737 0.017228 -0.064993 6.62205 -0.0172069 0.999852 0.000884639 142.869 0.0649986 0.00023569 0.997885 0.62539
0.997921 0.0196513 -0.0613761 6.76263 -0.0193914 0.9998 0.00482668 145.402 0.0614587 -0.00362647 0.998103 0.535266
0.998439 0.0204703 -0.051973 6.89655 -0.0204873 0.99979 0.000207372 147.766 0.0519663 0.000857736 0.998648 0.416201
0.997795 0.0291294 -0.0596372 7.10341 -0.0288419 0.999568 0.00567523 150.041 0.0597767 -0.00394266 0.998204 0.577856
0.997145 0.0532461 -0.0535418 7.25248 -0.0530797 0.99858 0.00452573 152.112 0.0537067 -0.00167083 0.998555 0.567414
0.992855 0.112358 -0.0401867 7.51066 -0.112234 0.993667 0.00533578 154.112 0.0405317 -0.000787355 0.999178 0.537864
0.977261 0.208429 -0.0389699 7.86077 -0.208441 0.978028 0.00380466 156.047 0.0389067 0.00440477 0.999233 0.445276
0.935086 0.35158 -0.0447827 8.51237 -0.352243 0.935877 -0.00763884 157.747 0.0392254 0.0229174 0.998968 0.293833
0.85613 0.513406 -0.0587919 9.34331 -0.514306 0.857607 -0.000206487 159.294 0.0503143 0.0304138 0.99827 0.44864
0.737651 0.670993 -0.0750972 10.4227 -0.673122 0.739519 -0.00421405 160.418 0.0527082 0.0536581 0.997167 0.508806
0.581443 0.809281 -0.083592 11.601 -0.811704 0.584014 0.00802977 161.257 0.0553172 0.0631831 0.996468 0.624916
0.3675 0.926739 -0.078093 13.1639 -0.928878 0.369917 0.0186142 161.924 0.0461384 0.0656982 0.996772 0.629759
0.140187 0.986465 -0.08506 14.927 -0.989609 0.142368 0.0201176 162.201 0.0319551 0.081356 0.996173 0.591407
0.0186392 0.995267 -0.095375 16.8731 -0.99981 0.0190944 0.0038633 162.187 0.00566615 0.0952849 0.995434 0.819535
-0.0125955 0.995875 -0.089861 18.9646 -0.999921 -0.0125134 0.00147774 162.071 0.000347168 0.0898724 0.995953 1.00794
-0.0305469 0.996387 -0.0792476 20.9083 -0.999368 -0.0318882 -0.0157168 161.888 -0.0181871 0.0787174 0.996731 1.12924
-0.0511906 0.995697 -0.0772406 23.0247 -0.998556 -0.0522935 -0.0123238 161.706 -0.01631 0.0764982 0.996936 1.22007
-0.0699948 0.994551 -0.0772592 24.7725 -0.997427 -0.0709796 -0.0100705 161.541 -0.0154994 0.0763555 0.99696 1.22996
-0.0774037 0.992992 -0.0893018 26.5884 -0.996084 -0.0808607 -0.035761 161.325 -0.0427314 0.086184 0.995362 1.45606
-0.0831446 0.993413 -0.0788554 28.4248 -0.996281 -0.0846591 -0.0160569 161.073 -0.022627 0.077227 0.996757 1.61243
-0.082461 0.993509 -0.0783557 30.6157 -0.995712 -0.0854414 -0.0354716 160.783 -0.0419361 0.0750947 0.996294 1.76425
-0.0947394 0.992957 -0.0711331 32.4808 -0.994594 -0.0974619 -0.0358244 160.521 -0.0425048 0.0673546 0.996823 1.87973
-0.106396 0.991244 -0.0781951 34.2572 -0.994043 -0.107907 -0.0153503 160.227 -0.0236538 0.0760961 0.99682 1.97847
-0.115398 0.99113 -0.0659162 36.1418 -0.992355 -0.117956 -0.0363145 159.932 -0.0437676 0.0612216 0.997164 2.06567
-0.106389 0.991573 -0.0739239 38.3277 -0.992833 -0.110006 -0.0467083 159.623 -0.0544467 0.0684248 0.996169 2.17354
-0.101619 0.992206 -0.0721194 40.1338 -0.993839 -0.104475 -0.0369887 159.3 -0.044235 0.0679164 0.99671 2.18527
-0.0760599 0.994686 -0.0693833 42.3102 -0.996462 -0.0783215 -0.0304751 159.056 -0.0357473 0.0668199 0.997124 2.36063
-0.0510758 0.996396 -0.0677196 44.4675 -0.998467 -0.052396 -0.0178625 158.806 -0.0213464 0.0667034 0.997544 2.45511
-0.0375144 0.997097 -0.0662634 46.6033 -0.999144 -0.0385818 -0.0149022 158.635 -0.0174155 0.0656477 0.997691 2.53984
-0.0302192 0.997457 -0.0645525 48.3699 -0.999413 -0.0311949 -0.0141602 158.512 -0.0161379 0.0640867 0.997814 2.67384
-0.0145798 0.998303 -0.0563793 50.5687 -0.999605 -0.0159073 -0.0231694 158.367 -0.024027 0.0560192 0.998141 2.71846
0.00357083 0.998246 -0.0590856 52.4032 -0.99994 0.00295446 -0.0105152 158.297 -0.0103222 0.0591196 0.998198 2.80846
0.0222312 0.99807 -0.0579778 54.2105 -0.999597 0.0211676 -0.0188951 158.216 -0.0176314 0.0583745 0.998139 2.87599
0.0365282 0.997896 -0.0535624 56.1309 -0.999317 0.0361755 -0.00753961 158.222 -0.0055861 0.0538012 0.998536 2.91757
0.0452741 0.997907 -0.0461767 58.0074 -0.998931 0.0447927 -0.0114087 158.212 -0.00931648 0.0466439 0.998868 2.99766
0.0461495 0.997977 -0.0437353 60.093 -0.998933 0.0460271 -0.00380017 158.18 -0.00177948 0.043864 0.999036 3.08056
0.0452646 0.998068 -0.0425519 62.198 -0.998815 0.0444533 -0.0198223 158.174 -0.0178925 0.0433987 0.998898 3.11992
0.0457033 0.998274 -0.0368746 64.3979 -0.99848 0.0445124 -0.0324963 158.143 -0.0307988 0.0383038 0.998791 3.19758
0.0434326 0.997436 -0.0568828 66.6309 -0.998537 0.0415046 -0.0346489 158.131 -0.0321992 0.0583045 0.997779 3.26458
0.0419041 0.998109 -0.0449694 68.9403 -0.998315 0.0400192 -0.0420271 158.134 -0.040148 0.0466547 0.998104 3.2958
0.0384326 0.998626 -0.0356195 70.6943 -0.998981 0.0375535 -0.0250298 158.166 -0.0236578 0.0365452 0.999052 3.3765
0.0378974 0.99795 -0.0515691 72.5098 -0.99865 0.0359881 -0.0374622 158.145 -0.0355296 0.0529192 0.997967 3.39261
0.0361837 0.997671 -0.0578184 74.3422 -0.998692 0.0340079 -0.0381835 158.123 -0.0361283 0.0591243 0.997597 3.37631
0.035042 0.997395 -0.0630456 76.1549 -0.998908 0.0330043 -0.0330774 158.128 -0.0309105 0.0641359 0.997462 3.51024
0.0354668 0.996396 -0.0770549 77.9909 -0.999052 0.0334017 -0.0279252 158.142 -0.0252508 0.0779722 0.996636 3.52594
0.0335602 0.997353 -0.0645027 79.8482 -0.999232 0.0321784 -0.0223444 158.143 -0.0202097 0.0652031 0.997667 3.56611
0.0321066 0.997654 -0.0604659 81.6638 -0.999275 0.0308022 -0.0223833 158.067 -0.0204683 0.0611408 0.997919 3.71176
0.0249267 0.998706 -0.0443186 83.9614 -0.999689 0.0249126 -0.000868287 158.011 0.00023693 0.0443265 0.999017 3.8004
0.0195112 0.998455 -0.0520246 86.3395 -0.999795 0.0192036 -0.00640511 157.962 -0.00539616 0.0521389 0.998625 3.87449
0.0151873 0.998708 -0.0484902 88.0886 -0.999818 0.0157305 0.0108401 157.955 0.0115889 0.0483168 0.998765 4.00227
0.00760434 0.998915 -0.0459516 90.4486 -0.999971 0.00763922 0.000584306 157.882 0.000934711 0.0459459 0.998944 4.00777
0.000400968 0.998547 -0.053889 92.8885 -0.999952 -0.00012537 -0.0097633 157.745 -0.00975586 0.0538903 0.998499 4.11965
-0.00460777 0.998891 -0.0468626 95.3738 -0.999719 -0.00569161 -0.0230214 157.576 -0.0232626 0.0467433 0.998636 4.17434
-0.00901833 0.998637 -0.0514035 97.8211 -0.999809 -0.00989602 -0.016846 157.452 -0.0173317 0.0512418 0.998536 4.25983
-0.0132827 0.99869 -0.0494227 100.248 -0.999864 -0.0137486 -0.0090996 157.344 -0.00976717 0.0492951 0.998737 4.37097
-0.0158796 0.998283 -0.0563863 102.525 -0.999804 -0.0165177 -0.0108686 157.164 -0.0117813 0.0562026 0.99835 4.43499
-0.0206616 0.997663 -0.0651285 104.825 -0.999535 -0.0220736 -0.0210364 157.014 -0.0224249 0.0646636 0.997655 4.53254
-0.0260125 0.997746 -0.0618566 106.969 -0.999538 -0.0269306 -0.0140547 156.794 -0.0156888 0.0614625 0.997986 4.76797
-0.0275108 0.997737 -0.0613477 109.049 -0.999601 -0.0278503 -0.00468556 156.67 -0.00638351 0.0611943 0.998105 4.82956
-0.0290605 0.998436 -0.0477509 111.084 -0.999438 -0.0298205 -0.0152824 156.521 -0.0166825 0.04728 0.998742 4.86396
-0.0285841 0.998033 -0.0557868 113.014 -0.999431 -0.0295361 -0.0163145 156.381 -0.0179301 0.0552887 0.998309 4.90366
-0.0289575 0.998095 -0.0544739 115.041 -0.999435 -0.0298409 -0.0154738 156.231 -0.0170699 0.053995 0.998395 5.05712
-0.0297857 0.99805 -0.0548578 116.999 -0.999469 -0.0304627 -0.0115444 156.058 -0.013193 0.0544848 0.998427 5.14538
-0.0279711 0.998517 -0.046703 119.287 -0.999609 -0.0279342 0.00144109 155.852 0.000134348 0.046725 0.998908 5.20622
-0.0212794 0.998515 -0.0501569 121.433 -0.99977 -0.0213812 -0.00149311 155.711 -0.0025633 0.0501136 0.99874 5.30268
-0.0120483 0.998108 -0.0602938 123.404 -0.999757 -0.013137 -0.017693 155.605 -0.0184516 0.060066 0.998024 5.41586
-0.0100501 0.999045 -0.0425272 125.314 -0.999925 -0.0103363 -0.00651388 155.476 -0.00694723 0.0424586 0.999074 5.47437
-0.0111921 0.998808 -0.0475091 127.441 -0.999865 -0.0117506 -0.0114922 155.32 -0.0120368 0.047374 0.998805 5.51427
-0.034786 0.998509 -0.0420699 129.458 -0.99921 -0.0355583 -0.0177526 155.191 -0.019222 0.0414191 0.998957 5.56511
-0.17982 0.982796 -0.0421468 131.233 -0.983626 -0.180166 -0.00451611 154.788 -0.0120318 0.0406446 0.999101 5.62799
-0.416608 0.908132 -0.041658 132.678 -0.909013 -0.416719 0.00638607 154.148 -0.0115603 0.0405282 0.999112 5.64418
-0.614031 0.787511 -0.052842 133.921 -0.789057 -0.614078 0.0172726 153.277 -0.0188467 0.0523013 0.998453 5.67315
-0.774874 0.629798 -0.0540898 134.84 -0.631869 -0.774123 0.0384066 152.138 -0.0176838 0.0639379 0.997797 5.72291
-0.89354 0.446768 -0.0445445 135.487 -0.448369 -0.893103 0.0365013 150.775 -0.0234752 0.0525877 0.99834 5.81638
-0.972353 0.231262 -0.0323651 135.977 -0.232294 -0.972088 0.0329228 149.139 -0.0238479 0.0395308 0.998934 5.80726
-0.992074 0.122715 -0.0270268 136.241 -0.123574 -0.991793 0.0327991 147.42 -0.0227801 0.035879 0.999097 5.85127
-0.998442 0.0516659 -0.0210576 136.316 -0.05226 -0.998221 0.0287119 145.711 -0.0195367 0.0297676 0.999366 5.986
-0.999169 0.0337868 -0.0228234 136.318 -0.0345384 -0.998846 0.0333834 143.771 -0.0216691 0.034144 0.999182 5.9955
-0.998736 0.0455339 -0.0212846 136.326 -0.0461488 -0.998503 0.0293489 141.956 -0.0199163 0.0302941 0.999343 5.9944
-0.9989 0.0431677 -0.0182984 136.288 -0.0436599 -0.99867 0.0274094 139.946 -0.0170909 0.0281782 0.999457 6.01988
-0.999639 0.0259357 -0.00695437 136.222 -0.0261367 -0.999191 0.030566 138.014 -0.00615599 0.0307367 0.999509 6.0071
-0.999933 0.000540097 -0.0115627 136.161 -0.000908575 -0.999491 0.0318857 135.795 -0.0115396 0.0318941 0.999425 6.02251
-0.999818 -0.0125718 -0.0143577 136.065 0.0121701 -0.999541 0.027732 133.834 -0.0146998 0.0275522 0.999512 6.07974
-0.999729 -0.0232253 0.00172898 135.895 0.0232549 -0.999535 0.0197128 131.691 0.00127034 0.0197477 0.999804 6.07066
-0.999605 -0.0263273 -0.00979993 135.737 0.0260043 -0.999158 0.0317473 129.409 -0.0106275 0.0314799 0.999448 6.10573
-0.999565 -0.027332 -0.0111075 135.563 0.0270881 -0.999401 0.0215376 127.074 -0.0116895 0.0212273 0.999706 6.14693
-0.999736 -0.0229376 -0.00109943 135.367 0.0229092 -0.999514 0.0211613 124.679 -0.00158429 0.0211305 0.999775 6.19007
-0.999865 -0.0160384 -0.00349408 135.263 0.0159421 -0.999534 0.0260368 122.675 -0.00391004 0.0259776 0.999655 6.15456
-0.999913 -0.0103551 -0.0081947 135.159 0.0101812 -0.999728 0.0209896 120.704 -0.00840981 0.0209044 0.999746 6.18889
-0.999927 -0.0105696 -0.00586204 135.033 0.0104574 -0.999768 0.0188452 118.714 -0.00605986 0.0187825 0.999805 6.21798
-0.999961 -0.00699127 -0.00540391 134.918 0.00688963 -0.999803 0.0186048 116.707 -0.00553292 0.0185668 0.999812 6.23919
-0.99998 -0.00383675 0.0049976 134.81 0.00391979 -0.999853 0.0167142 114.658 0.00493274 0.0167334 0.999848 6.26722
-0.999981 -0.00255783 0.00554002 134.75 0.0026488 -0.999861 0.0164754 112.657 0.00549711 0.0164898 0.999849 6.22031
-0.999856 -0.00270997 0.0167617 134.594 0.00295713 -0.999887 0.014738 110.504 0.0167199 0.0147855 0.999751 6.32533
-0.999881 -0.00783921 0.0132665 134.526 0.00807126 -0.999814 0.01753 108.426 0.0131266 0.017635 0.999758 6.31212
-0.999825 -0.0151013 0.0110325 134.457 0.0152298 -0.999816 0.0116598 106.386 0.0108544 0.0118258 0.999871 6.35205
-0.999582 -0.0257375 0.0131421 134.335 0.0258713 -0.999614 0.0101164 104.253 0.0128767 0.0104522 0.999862 6.31947
-0.999283 -0.0371461 0.00731967 134.188 0.0372319 -0.999235 0.0119454 102.111 0.00687034 0.0122094 0.999902 6.32395
-0.999235 -0.0390889 -0.00115186 134.002 0.0390793 -0.999208 0.00741408 100.085 -0.00144075 0.00736339 0.999972 6.27971
-0.999357 -0.0358596 0.000206851 133.862 0.0358593 -0.999272 0.0130111 98.1025 -0.000259875 0.0130101 0.999915 6.27047
-0.999636 -0.0250926 -0.00987211 133.77 0.0249658 -0.999607 0.0127688 96.1353 -0.0101886 0.0125176 0.99987 6.26174
-0.999641 -0.0160231 -0.0214681 133.652 0.0157073 -0.999767 0.0147982 93.8458 -0.0217002 0.0144557 0.99966 6.20033
-0.999823 -0.0105757 -0.0155418 133.558 0.0103453 -0.999836 0.014833 91.5607 -0.0156961 0.0146696 0.999769 6.23014
-0.999945 -0.00553123 -0.00889848 133.451 0.00538364 -0.999849 0.0165263 89.2992 -0.00898854 0.0164775 0.999824 6.27861
-0.999945 -0.00247578 -0.0102072 133.352 0.00232965 -0.999895 0.0143041 87.134 -0.0102415 0.0142796 0.999846 6.30612
-0.999937 0.00124868 -0.0111221 133.259 -0.00139113 -0.999917 0.0128081 84.9636 -0.0111052 0.0128228 0.999856 6.25286
-0.999979 -0.000520438 -0.00637224 133.179 0.000447565 -0.999934 0.0114321 82.7032 -0.00637776 0.011429 0.999914 6.25344
-0.999928 -0.0058908 -0.0104197 133.081 0.00573516 -0.999873 0.0149032 80.5053 -0.0105062 0.0148424 0.999835 6.31212
-0.999753 -0.0145737 -0.0167634 132.999 0.0143899 -0.999836 0.0110337 78.2904 -0.0169214 0.0107897 0.999799 6.3494
-0.999537 -0.022069 -0.0209765 132.838 0.0219102 -0.99973 0.00776735 76.0511 -0.0211423 0.00730414 0.99975 6.3514
-0.999502 -0.023506 -0.0210363 132.755 0.0234371 -0.999719 0.00351675 73.944 -0.021113 0.00302197 0.999772 6.31695
-0.99898 -0.0377962 -0.0247138 132.597 0.037792 -0.999285 0.000636565 71.7886 -0.0247202 -0.00029807 0.999694 6.35772
-0.998158 -0.0530582 -0.0294282 132.442 0.053052 -0.998591 0.000990961 69.6817 -0.0294393 -0.000572088 0.999566 6.30784
-0.997934 -0.0549942 -0.0332251 132.248 0.0548509 -0.998481 0.0052109 67.6685 -0.0334612 0.00337771 0.999434 6.29112
-0.998838 -0.0329908 -0.0351321 132.044 0.0328079 -0.999445 0.00576891 65.5821 -0.0353029 0.0046096 0.999366 6.27821
-0.99923 -0.00512703 -0.0388952 131.951 0.00492822 -0.999974 0.0052056 63.5351 -0.0389209 0.00500991 0.99923 6.21355
-0.999442 0.0149444 -0.029889 131.879 -0.0151011 -0.999873 0.00502245 61.2652 -0.0298102 0.005471 0.999541 6.23828
-0.998852 0.0203229 -0.0433697 131.85 -0.0208254 -0.999721 0.0111665 59.4014 -0.0431307 0.0120569 0.998997 6.19635
-0.99899 0.0172984 -0.0414752 131.789 -0.0176237 -0.999817 0.00749075 57.199 -0.041338 0.00821413 0.999111 6.20371
-0.999278 0.0163115 -0.0343246 131.706 -0.0166587 -0.999813 0.00985263 55.0405 -0.0341574 0.0104173 0.999362 6.1671
-0.999557 0.0159907 -0.0251111 131.688 -0.0162969 -0.999795 0.0120348 52.9168 -0.0249135 0.0124387 0.999612 6.13309
-0.999622 0.0187451 -0.0201377 131.635 -0.0188056 -0.999819 0.00282313 50.7891 -0.0200812 0.00320076 0.999793 6.1629
-0.999692 0.0116278 -0.0219375 131.529 -0.0117332 -0.99992 0.00468347 48.7339 -0.0218813 0.00493943 0.999748 6.20845
-0.999663 0.00421813 -0.0256196 131.448 -0.0044415 -0.999953 0.00866804 46.7642 -0.0255818 0.00877891 0.999634 6.2178
-0.999763 0.00123439 -0.0217299 131.398 -0.00151627 -0.999915 0.01296 44.8582 -0.0217121 0.0129899 0.99968 6.20455
-0.999089 -0.00255986 -0.0426046 131.311 0.00184019 -0.999855 0.0169226 42.9366 -0.0426417 0.0168288 0.998949 6.26485
-0.999537 0.00383844 -0.0301751 131.198 -0.00429288 -0.999878 0.0150097 41.0205 -0.0301138 0.0151323 0.999432 6.27228
-0.999691 0.00668877 -0.0239367 131.138 -0.00702231 -0.999879 0.0138775 38.8813 -0.023841 0.0140413 0.999617 6.20865
-0.99965 0.00734161 -0.0254105 131.067 -0.00756377 -0.999934 0.00865831 36.6557 -0.0253452 0.00884748 0.99964 6.1536
-0.999505 0.00449874 -0.0311293 131.029 -0.00487132 -0.999917 0.0119034 34.7953 -0.0310732 0.0120492 0.999444 6.18962
-0.999687 -0.000373921 -0.0249912 130.938 -8.18623e-05 -0.999834 0.0182341 32.8543 -0.0249938 0.0182304 0.999521 6.15733
-0.999796 -0.00860927 -0.018282 130.831 0.00843475 -0.999918 0.00960162 30.9309 -0.0183632 0.00944545 0.999787 6.23278
-0.999555 -0.0140313 -0.0263093 130.717 0.0137133 -0.999831 0.0122257 29.0481 -0.0264764 0.0118594 0.999579 6.20711
-0.999549 -0.014898 -0.0260723 130.598 0.014717 -0.999866 0.00712084 27.1332 -0.0261749 0.00673392 0.999635 6.15403
-0.999745 -0.0157568 -0.016165 130.471 0.0155112 -0.999764 0.0152127 24.8377 -0.0164009 0.0149581 0.999754 6.09096
-0.999622 -0.0222249 -0.0162139 130.354 0.0220033 -0.999664 0.0137204 22.6076 -0.0165134 0.0133584 0.999774 6.09775
-0.99909 -0.0360557 -0.0228004 130.147 0.0356959 -0.999235 0.0159925 20.2647 -0.0233595 0.0151641 0.999612 6.14191
-0.998171 -0.0502366 -0.0336217 129.917 0.0497738 -0.998656 0.0144627 18.3318 -0.0343031 0.0127628 0.99933 6.15448
-0.997203 -0.0667611 -0.0336078 129.644 0.0666356 -0.997766 0.00484272 16.0179 -0.033856 0.0025897 0.999423 6.12635
-0.995226 -0.0809059 -0.0545873 129.389 0.0802876 -0.996681 0.0134304 14.0323 -0.0554927 0.00898355 0.998419 6.063
-0.992739 -0.0981623 -0.0695197 129.073 0.0971558 -0.995111 0.0177213 11.722 -0.0709194 0.0108384 0.997423 6.16597
-0.992402 -0.107445 -0.0599441 128.705 0.106901 -0.994194 0.0122326 9.50591 -0.0609104 0.00573159 0.998127 6.23872
-0.99247 -0.103358 -0.0657323 128.413 0.102886 -0.994637 0.0105312 7.84076 -0.0664683 0.00368898 0.997782 6.12158
-0.993852 -0.0922077 -0.0612842 128.087 0.0917398 -0.995729 0.0104127 5.86408 -0.0619826 0.00472645 0.998066 6.15098
-0.995554 -0.071717 -0.0610665 127.807 0.0711529 -0.997401 0.0113656 3.67401 -0.0617228 0.00696997 0.998069 6.13774
-0.996156 -0.0525859 -0.0700644 127.627 0.052328 -0.998615 0.00551239 1.41328 -0.0702572 0.00182487 0.997527 6.12536
-0.99761 -0.0377591 -0.0578668 127.434 0.0372446 -0.999257 0.00994565 -0.665726 -0.0581994 0.00776666 0.998275 6.07914
-0.997657 -0.023504 -0.064244 127.297 0.023471 -0.999724 0.00126895 -2.75844 -0.064256 -0.000241884 0.997933 5.98876
-0.997636 -0.0100232 -0.0679846 127.169 0.00988942 -0.999949 0.00230417 -4.78009 -0.0680042 0.0016264 0.997684 6.01318
-0.997519 -0.00784442 -0.0699559 127.041 0.00811069 -0.999961 -0.00352302 -6.75881 -0.0699255 -0.00408167 0.997544 5.91408
-0.996619 -0.00456609 -0.0820401 126.942 0.00430878 -0.999985 0.00331306 -8.74684 -0.082054 0.00294837 0.996624 5.92906
-0.996792 -0.0020245 -0.080001 126.855 0.00172372 -0.999991 0.00382864 -10.7053 -0.080008 0.00367846 0.996787 5.92268
-0.997718 -0.000725721 -0.0675115 126.78 0.000520427 -0.999995 0.00305838 -12.6741 -0.0675134 0.00301627 0.997714 5.92759
-0.998072 -0.0041013 -0.0619328 126.787 0.00338551 -0.999926 0.0116581 -14.5012 -0.0619761 0.0114259 0.998012 5.83814
-0.996326 -0.0635834 -0.0573792 126.57 0.0630164 -0.997945 0.0116405 -16.3693 -0.0580014 0.00798193 0.998285 5.83013
-0.965702 -0.253412 -0.0565837 126.106 0.253139 -0.967355 0.0120723 -17.8364 -0.0577958 -0.00266525 0.998325 5.79304
-0.84773 -0.528941 -0.0396904 125.338 0.529086 -0.848534 0.0076154 -18.9549 -0.0377067 -0.0145438 0.999183 5.78148
-0.618846 -0.784095 -0.047152 124.254 0.784373 -0.620066 0.0166382 -19.9132 -0.0422833 -0.0266882 0.998749 5.67051
-0.353252 -0.934755 -0.0380246 122.941 0.934503 -0.354475 0.0324094 -20.4709 -0.0437736 -0.0240854 0.998751 5.48008
-0.111182 -0.993252 -0.0329909 121.247 0.993652 -0.111677 0.0135526 -20.7233 -0.0171455 -0.0312746 0.999364 5.31928
-0.0266042 -0.99893 -0.0378345 119.478 0.999605 -0.0269269 0.00804709 -20.7868 -0.00905725 -0.0376054 0.999252 5.19204
-0.0101786 -0.999502 -0.0298723 117.512 0.999879 -0.0105248 0.0114561 -20.7563 -0.0117648 -0.0297521 0.999488 5.04045
-0.00634913 -0.999591 -0.0278796 115.683 0.999932 -0.00661948 0.00961704 -20.7199 -0.00979766 -0.0278167 0.999565 5.00283
-0.00625138 -0.99956 -0.0289898 113.699 0.999917 -0.00657487 0.0110778 -20.586 -0.0112635 -0.0289181 0.999518 4.96671
-0.00950054 -0.999653 -0.0245811 111.797 0.999951 -0.0095632 0.0024344 -20.4982 -0.00266863 -0.0245568 0.999695 4.93218
-0.0109082 -0.999606 -0.0258601 109.759 0.99994 -0.0108674 -0.00171981 -20.3819 0.0014381 -0.0258773 0.999664 4.72518
-0.0112622 -0.999658 -0.023601 107.659 0.999937 -0.0112585 -0.000292184 -20.3341 2.6376e-05 -0.0236028 0.999721 4.68996
-0.0121541 -0.999514 -0.028713 105.751 0.999897 -0.0123662 0.00722207 -20.2769 -0.00757364 -0.0286223 0.999562 4.63461
-0.00749259 -0.999757 -0.020725 103.897 0.999969 -0.00754001 0.002209 -20.1878 -0.00236471 -0.0207078 0.999783 4.64812
-8.35484e-05 -0.999716 -0.0238375 101.828 0.999975 -0.000253031 0.00710944 -20.0899 -0.00711346 -0.0238363 0.999691 4.58467
0.00548982 -0.999769 -0.020779 100.131 0.999827 0.00511833 0.0178862 -19.9549 -0.0177757 -0.0208736 0.999624 4.49561
0.00752641 -0.999788 -0.0191609 98.3853 0.999737 0.00710815 0.0217994 -19.9294 -0.0216586 -0.0193199 0.999579 4.41043
0.00828319 -0.999839 -0.0159405 96.5307 0.999631 0.00786675 0.0260098 -19.8233 -0.0258802 -0.0161501 0.999535 4.42023
0.00930608 -0.999815 -0.0168626 94.701 0.999792 0.00899686 0.0183248 -19.7109 -0.0181697 -0.0170296 0.99969 4.41562
0.00821881 -0.999397 -0.0337392 92.6568 0.999912 0.00786377 0.0106446 -19.6259 -0.0103728 -0.0338237 0.999374 4.32424
0.0082803 -0.999692 -0.0233751 90.6688 0.999917 0.00804807 0.010013 -19.5131 -0.00982176 -0.0234561 0.999677 4.20538
0.0101945 -0.999675 -0.0233484 88.4964 0.99985 0.00986424 0.0142195 -19.4115 -0.0139846 -0.0234899 0.999626 4.16863
0.0123403 -0.999596 -0.0256039 86.3086 0.999865 0.0120586 0.0111272 -19.3217 -0.010814 -0.0257378 0.99961 4.0626
0.014023 -0.99957 -0.0257365 84.159 0.999841 0.0137334 0.0113936 -19.254 -0.0110353 -0.0258921 0.999604 3.98435
0.0166807 -0.999448 -0.0287271 81.901 0.999791 0.0163331 0.0122875 -19.0757 -0.0118115 -0.0289261 0.999512 3.89894
0.0142972 -0.999568 -0.0256664 79.7114 0.999816 0.0139642 0.0131091 -18.9013 -0.012745 -0.0258491 0.999585 3.83178
0.0143077 -0.999325 -0.0338426 77.364 0.999611 0.0134847 0.0244197 -18.8098 -0.0239469 -0.0341788 0.999129 3.70791
0.0123011 -0.999481 -0.0297567 75.1169 0.999841 0.0119102 0.0132765 -18.715 -0.0129152 -0.0299153 0.999469 3.60544
0.00976419 -0.999417 -0.0327048 73.3336 0.999789 0.00916586 0.0183948 -18.6533 -0.0180843 -0.0328775 0.999296 3.57935
0.00723126 -0.999326 -0.0359944 71.5473 0.999895 0.00677309 0.0128327 -18.5544 -0.0125803 -0.0360834 0.99927 3.48974
0.00540711 -0.999395 -0.0343583 69.2382 0.999882 0.0049092 0.0145624 -18.44 -0.0143849 -0.034433 0.999303 3.37648
0.00499751 -0.999461 -0.0324388 66.8813 0.999839 0.00443536 0.0173776 -18.342 -0.0172244 -0.0325204 0.999323 3.26067
0.0040464 -0.999509 -0.0310679 65.0871 0.999949 0.00375621 0.00939407 -18.3021 -0.00927277 -0.0311043 0.999473 3.23259
0.00546115 -0.999639 -0.0263201 62.8653 0.999826 0.0049889 0.0179768 -18.2041 -0.017839 -0.0264136 0.999492 3.06287
0.00591632 -0.999627 -0.02668 60.7226 0.999868 0.00551047 0.0152621 -18.1088 -0.0151094 -0.0267668 0.999528 3.0068
0.00503542 -0.999195 -0.0398009 58.519 0.999932 0.00461337 0.0106864 -17.9653 -0.0104942 -0.039852 0.999151 2.89762
0.00541156 -0.999176 -0.0402166 56.4822 0.999914 0.00492708 0.0121345 -17.9271 -0.0119264 -0.0402788 0.999117 2.85147
0.00406437 -0.999172 -0.040492 54.5401 0.99988 0.00345578 0.015088 -17.8023 -0.0149355 -0.0405485 0.999066 2.7509
0.00506289 -0.998731 -0.0501116 52.7201 0.999882 0.00432738 0.0147747 -17.7897 -0.0145391 -0.0501804 0.998634 2.53071
0.00606826 -0.999179 -0.0400576 50.5863 0.999849 0.00541151 0.0164848 -17.6747 -0.0162545 -0.0401516 0.999061 2.48459
0.00508077 -0.999242 -0.0385824 48.4798 0.999923 0.00463912 0.0115279 -17.5029 -0.0113401 -0.038638 0.999189 2.38068
0.00530863 -0.999288 -0.0373445 46.5781 0.999806 0.00459509 0.019168 -17.4673 -0.0189828 -0.037439 0.999119 2.19411
0.00534759 -0.99925 -0.0383525 44.7629 0.999885 0.00479909 0.0143782 -17.4099 -0.0141833 -0.0384249 0.999161 2.0242
0.00606354 -0.999332 -0.0360364 42.8544 0.999977 0.00595322 0.00316755 -17.329 -0.00295089 -0.0360548 0.999345 1.93717
0.005799 -0.999204 -0.0394643 40.9822 0.999963 0.00554381 0.00657308 -17.2205 -0.00634907 -0.039501 0.999199 1.86314
0.00558629 -0.99916 -0.0405945 38.8949 0.999959 0.00529385 0.0073076 -17.1495 -0.00708657 -0.0406336 0.999149 1.6991
0.00437078 -0.999653 -0.0259869 36.6522 0.999957 0.00415557 0.00833043 -17.0377 -0.00821954 -0.0260222 0.999628 1.59608
0.00582425 -0.999443 -0.0328582 34.9211 0.999737 0.0050909 0.0223584 -16.9603 -0.0221786 -0.0329798 0.99921 1.51964
0.00502778 -0.999745 -0.022038 32.5468 0.999774 0.00457021 0.020767 -16.7869 -0.020661 -0.0221374 0.999541 1.52497
0.00418552 -0.999695 -0.0243414 30.8161 0.999747 0.00364559 0.0221866 -16.6855 -0.0220911 -0.0244281 0.999457 1.48446
0.00393999 -0.999483 -0.031921 29.0289 0.999808 0.00332477 0.0193024 -16.5485 -0.0191863 -0.031991 0.999304 1.44863
0.00526205 -0.999263 -0.0380222 27.1123 0.999593 0.00419018 0.0282156 -16.4863 -0.0280355 -0.0381552 0.998878 1.30009
0.00562571 -0.999442 -0.0329363 25.2168 0.999774 0.00494646 0.020667 -16.3755 -0.0204926 -0.0330452 0.999244 1.18293
0.00756711 -0.999326 -0.0359052 23.3246 0.999628 0.00661868 0.0264616 -16.292 -0.0262061 -0.036092 0.999005 1.08196
0.00771295 -0.999042 -0.0430685 21.4315 0.99971 0.00672112 0.0231265 -16.1984 -0.0228149 -0.0432343 0.998804 1.02846
0.00766321 -0.999181 -0.0397435 19.6698 0.999692 0.0067175 0.0238745 -16.0654 -0.0235879 -0.0399143 0.998925 0.960169
0.00823239 -0.998967 -0.0447025 17.7436 0.999758 0.00730945 0.0207696 -15.9853 -0.0204214 -0.0448626 0.998784 0.799044
0.0100343 -0.998796 -0.0480296 15.9422 0.999787 0.00915484 0.018496 -15.9043 -0.018034 -0.048205 0.998675 0.661868
0.00993109 -0.998803 -0.0478966 13.7121 0.999841 0.00920794 0.0152954 -15.7561 -0.014836 -0.0480408 0.998735 0.573784
0.00901641 -0.998446 -0.0549935 11.6043 0.999771 0.00793278 0.0198909 -15.631 -0.0194238 -0.0551603 0.998289 0.496434
0.00730585 -0.998294 -0.0579368 9.70827 0.999815 0.00626297 0.0181614 -15.4858 -0.0177675 -0.0580588 0.998155 0.463162
0.0110591 -0.998033 -0.0617078 7.51318 0.999775 0.00991755 0.0187743 -15.3799 -0.0181253 -0.0619015 0.997918 0.282624
0.0543449 -0.996625 -0.0615226 5.5986 0.998437 0.0534312 0.0164019 -15.2273 -0.0130593 -0.0623177 0.997971 0.0216642
0.173035 -0.983037 -0.0607999 3.49595 0.984902 0.172382 0.0158649 -14.9224 -0.00511496 -0.0626272 0.998024 -0.104769
0.340273 -0.937733 -0.0697937 1.82668 0.939934 0.341338 -0.00357845 -14.4534 0.0271789 -0.0643838 0.997555 -0.23293
0.547602 -0.832565 -0.0834756 0.305292 0.835802 0.548981 0.00748169 -13.5054 0.0395975 -0.073866 0.996482 -0.334365
0.715485 -0.691912 -0.0966376 -0.790327 0.694818 0.719169 -0.00485557 -12.5066 0.0728584 -0.0636715 0.995308 -0.452351
0.878066 -0.469731 -0.0913936 -1.68503 0.470917 0.882127 -0.00948232 -11.1953 0.0850749 -0.0347127 0.99577 -0.510612
0.971829 -0.218095 -0.0893512 -2.09576 0.217406 0.975925 -0.0174825 -9.53477 0.0910129 -0.00243558 0.995847 -0.559168
0.996344 -0.0177971 -0.0835526 -2.23629 0.0159981 0.999627 -0.0221513 -7.23445 0.0839156 0.0207336 0.996257 -0.640802
0.995577 0.0512464 -0.0787396 -2.07577 -0.0540736 0.997951 -0.0342016 -5.17129 0.0768255 0.0383081 0.996308 -0.554463
0.994972 0.0654023 -0.0758545 -1.83602 -0.0682987 0.997007 -0.0362378 -3.18885 0.0732574 0.0412364 0.99646 -0.521886
0.991561 0.105126 -0.0758578 -1.62438 -0.10827 0.993372 -0.0385847 -1.12035 0.0712988 0.0464722 0.996372 -0.391419
0.985294 0.154954 -0.0720035 -1.25246 -0.157595 0.986967 -0.032551 0.9024 0.0660212 0.0434197 0.996873 -0.231146
0.978213 0.198709 -0.0601097 -0.75052 -0.200849 0.979103 -0.0318872 2.66424 0.0525173 0.0432655 0.997682 -0.298588
0.976614 0.209943 -0.0463531 -0.248294 -0.211395 0.976972 -0.0289594 4.27803 0.0392058 0.0380809 0.998505 -0.339064
0.982359 0.184511 -0.0304424 0.193898 -0.185515 0.982042 -0.0343117 6.02206 0.0235648 0.0393539 0.998947 -0.333876
0.991384 0.127388 -0.0305096 0.589709 -0.128246 0.991346 -0.0280464 7.61748 0.0266728 0.0317174 0.999141 -0.218258
