0.969053 -0.246226 0.0175621 -0.273423 0.246813 0.967704 -0.0513021 -0.647522 -0.00436302 0.054049 0.998529 0
0.834044 -0.550538 0.0357712 0.0274534 0.551652 0.833062 -0.0410835 2.61335 -0.00718163 0.0539987 0.998515 0
0.837769 -0.544727 0.037617 -0.451456 0.545871 0.837177 -0.0340572 4.0713 -0.0129402 0.0490661 0.998712 0
0.908778 -0.41525 0.0410989 -0.715267 0.416666 0.908368 -0.0354592 5.72746 -0.0226085 0.0493491 0.998526 0
0.934869 -0.353059 0.0370016 -0.905907 0.354203 0.934657 -0.0309291 7.58855 -0.023664 0.0420207 0.998836 0
0.948347 -0.315441 0.0336912 -1.0312 0.316336 0.948302 -0.025605 9.48352 -0.0238726 0.0349402 0.999104 0
0.954514 -0.296921 0.0272212 -1.1631 0.297365 0.954662 -0.0139344 11.6617 -0.0218496 0.0213952 0.999532 0
0.960398 -0.276865 0.0313164 -1.23501 0.277444 0.960611 -0.0158541 13.6559 -0.0256935 0.0239148 0.999384 0
0.967049 -0.253211 0.0264506 -1.28531 0.253592 0.967235 -0.0121548 15.8016 -0.0225062 0.0184619 0.999576 0
0.972169 -0.232929 0.025147 -1.28814 0.233317 0.972304 -0.0137374 18.0741 -0.0212507 0.0192223 0.999589 0
0.974135 -0.224942 0.0214829 -1.27585 0.225151 0.974293 -0.00781874 20.4603 -0.0191719 0.0124534 0.999739 0
0.975754 -0.217891 0.0206566 -1.2417 0.218094 0.975894 -0.0080867 22.3822 -0.0183966 0.0123957 0.999754 0
0.977355 -0.21091 0.0171361 -1.18935 0.211135 0.977376 -0.0125662 24.2736 -0.0140981 0.0158996 0.999774 0
0.979373 -0.201536 0.0145749 -1.08261 0.201637 0.979443 -0.0058128 26.5938 -0.0131038 0.00863174 0.999877 0
0.979296 -0.201856 0.0152872 -0.940518 0.202004 0.979345 -0.00884693 28.8348 -0.0131856 0.0117518 0.999844 0
0.978808 -0.203933 0.0186103 -0.783756 0.204082 0.978932 -0.00647774 31.0136 -0.0168972 0.0101385 0.999806 0
0.977264 -0.211773 0.0103032 -0.647362 0.211864 0.97726 -0.00871701 33.1387 -0.00822284 0.0107017 0.999909 0
0.975577 -0.219654 -0.00111381 -0.534108 0.219654 0.975578 -0.00080327 35.2592 0.00126305 0.000539 0.999999 0
0.974129 -0.225971 0.00308089 -0.411982 0.22599 0.974084 -0.00946873 37.3439 -0.000861385 0.00992002 0.99995 0
0.973277 -0.229613 0.00304113 -0.306569 0.229626 0.973264 -0.00533989 39.4269 -0.00173371 0.00589552 0.999981 0
0.973639 -0.22807 -0.00319301 -0.210604 0.228046 0.973628 -0.00663282 41.4869 0.00462155 0.00572982 0.999973 0
0.975006 -0.222104 -0.00569324 -0.0997028 0.222021 0.974962 -0.0125086 43.523 0.00832891 0.010932 0.999906 0
0.977485 -0.211005 5.25603e-05 0.0353278 0.210979 0.977364 -0.0157309 45.5975 0.00326792 0.0153878 0.999876 0
0.977968 -0.208754 0.000847398 0.141268 0.20875 0.977906 -0.0111192 47.8264 0.00149249 0.0110511 0.999938 0
0.978337 -0.206998 -0.00298999 0.210217 0.20696 0.978298 -0.0100269 50.1949 0.00500066 0.00919091 0.999945 0
0.978222 -0.207559 -0.000762225 0.260682 0.207551 0.978203 -0.00640443 52.1695 0.00207491 0.00610675 0.999979 0
0.977821 -0.209407 -0.00381971 0.293298 0.209374 0.977806 -0.00757315 54.18 0.0053208 0.00660544 0.999964 0
0.977197 -0.212327 -0.00161502 0.329412 0.212306 0.977166 -0.00853423 56.2122 0.00339019 0.00799675 0.999962 0
0.976792 -0.214123 -0.00536314 0.348358 0.214029 0.976722 -0.0143663 58.2404 0.00831446 0.012885 0.999882 0
0.97664 -0.214839 0.00440977 0.389313 0.214879 0.976551 -0.0132507 60.2627 -0.00145961 0.0138887 0.999902 0
0.977738 -0.209751 0.00576624 0.43765 0.209811 0.977651 -0.0133609 62.7415 -0.00283491 0.0142733 0.999894 0
0.978422 -0.206615 -0.000619703 0.494099 0.206573 0.978276 -0.0173956 65.1402 0.00420043 0.0168922 0.999848 0
0.979132 -0.203134 -0.0061068 0.565877 0.202982 0.978988 -0.0195347 67.4664 0.00994664 0.0178874 0.999791 0
0.979886 -0.19948 -0.00555023 0.654455 0.199347 0.979752 -0.0185988 69.7775 0.00914794 0.0171183 0.999812 0
0.981607 -0.190852 -0.0047464 0.745496 0.190695 0.981376 -0.0231762 72.1204 0.00908123 0.0218448 0.99972 0
0.984813 -0.173531 0.00543609 0.874701 0.173612 0.98452 -0.0240716 74.5431 -0.00117478 0.0246498 0.999695 0
0.986475 -0.163771 0.00676426 0.985316 0.163888 0.986189 -0.0239192 76.5331 -0.00275356 0.0247043 0.999691 0
0.987067 -0.159942 0.0108165 1.10688 0.160162 0.986797 -0.0240601 78.5542 -0.00682548 0.0254814 0.999652 0
0.986597 -0.161527 0.02314 1.24283 0.161838 0.986741 -0.0122465 80.6309 -0.020855 0.0158273 0.999657 0
0.984993 -0.170316 0.0279453 1.35176 0.170684 0.985261 -0.011328 82.7233 -0.025604 0.0159278 0.999545 0
0.982791 -0.182922 0.0257238 1.42961 0.183408 0.982872 -0.0179839 84.8251 -0.0219936 0.0223924 0.999507 0
0.980876 -0.19292 0.0257663 1.49777 0.193511 0.980833 -0.0227944 86.9413 -0.0208749 0.0273445 0.999408 0
0.980623 -0.195213 0.0164188 1.54518 0.195535 0.980472 -0.0210049 89.0693 -0.0119978 0.0238084 0.999645 0
0.98243 -0.185112 0.0237684 1.6416 0.185754 0.982184 -0.0284731 91.1864 -0.0180742 0.0323879 0.999312 0
0.984266 -0.174331 0.0287922 1.76955 0.174932 0.98438 -0.0198652 93.3234 -0.0248794 0.0245893 0.999388 0
0.985657 -0.167376 0.0215641 1.89911 0.167765 0.985668 -0.0176923 95.4512 -0.0182938 0.0210562 0.999611 0
0.986359 -0.162702 0.0249695 2.06685 0.163056 0.986533 -0.0128313 97.5906 -0.0225456 0.0167277 0.999606 0
0.986583 -0.161021 0.0269473 2.24037 0.161407 0.986805 -0.0127815 99.7369 -0.0245337 0.0169595 0.999555 0
0.986144 -0.162545 0.0331559 2.42792 0.163078 0.986514 -0.0140226 101.891 -0.0304294 0.0192353 0.999352 0
0.985305 -0.166862 0.0364728 2.60546 0.167317 0.985855 -0.00977676 104.056 -0.0343256 0.0157356 0.999287 0
0.984665 -0.170724 0.0358881 2.77778 0.171096 0.985225 -0.00755357 106.227 -0.0340683 0.0135781 0.999327 0
0.984272 -0.17261 0.0376069 2.95306 0.173052 0.984874 -0.00878701 108.403 -0.0355213 0.0151567 0.999254 0
0.98392 -0.174731 0.0370267 3.08492 0.175058 0.984541 -0.00578247 110.043 -0.0354439 0.0121713 0.999298 0
0.983252 -0.17773 0.0403531 3.27116 0.178226 0.983948 -0.00901395 112.215 -0.0381033 0.016055 0.999145 0
0.982387 -0.181843 0.0430074 3.46802 0.182538 0.983116 -0.0127977 114.371 -0.039954 0.0204227 0.998993 0
0.981838 -0.185188 0.0412164 3.66704 0.185698 0.982567 -0.00888871 116.513 -0.0388518 0.0163811 0.999111 0
0.981417 -0.187958 0.0386278 3.8735 0.188144 0.982141 -0.00120128 118.638 -0.0377122 0.00844654 0.999253 0
0.981048 -0.189211 0.0417757 4.10132 0.189336 0.981912 0.000957676 120.743 -0.0412012 0.00697013 0.999127 0
0.981002 -0.189812 0.0400912 4.33237 0.190132 0.981749 -0.00429613 122.82 -0.038544 0.0118371 0.999187 0
0.980928 -0.190523 0.0384993 4.57649 0.190495 0.981678 0.00441848 124.891 -0.0386357 0.00299972 0.999249 0
0.980472 -0.191038 0.0466761 4.78501 0.190658 0.981577 0.012497 126.43 -0.0482036 -0.00335375 0.998832 0
0.980965 -0.189511 0.0423379 5.04628 0.189779 0.981824 -0.00235733 128.422 -0.0411216 0.0103473 0.999101 0
0.981597 -0.18671 0.0400762 5.32854 0.186573 0.982415 0.00716747 130.41 -0.0407097 0.000441558 0.999171 0
0.981526 -0.187455 0.0383011 5.62207 0.187523 0.982258 0.0018272 132.347 -0.0379641 0.00538889 0.999265 0
0.981604 -0.188098 0.032751 5.91372 0.188068 0.982148 0.00402229 134.255 -0.0329229 0.00221113 0.999455 0
0.981697 -0.188469 0.027402 6.20823 0.188333 0.982077 0.0075051 136.132 -0.0283253 -0.00220704 0.999596 0
0.981957 -0.187399 0.0253279 6.51072 0.187079 0.982238 0.0144827 137.989 -0.0275921 -0.00948305 0.999574 0
0.982307 -0.185708 0.0242007 6.8205 0.185522 0.982592 0.009733 139.808 -0.0255869 -0.00507104 0.99966 0
0.98308 -0.18235 0.0173656 7.1257 0.182135 0.983184 0.0132592 141.617 -0.0194914 -0.00987196 0.999761 0
0.983545 -0.179917 0.0163782 7.44845 0.179743 0.983645 0.0115882 143.384 -0.0181953 -0.00845367 0.999799 0
0.984321 -0.175559 0.0170541 7.78234 0.175186 0.984303 0.0213741 145.087 -0.0205388 -0.0180514 0.999626 0
0.986456 -0.16365 0.0111156 8.11959 0.163411 0.986359 0.0198062 146.659 -0.0142053 -0.0177216 0.999742 0
0.990887 -0.134529 0.00667992 8.58893 0.134366 0.990715 0.0207197 148.469 -0.00940529 -0.0196333 0.999763 0
0.996686 -0.0805252 0.0115078 9.14354 0.0802505 0.996518 0.0226159 150.12 -0.0132889 -0.0216175 0.999678 0
0.999974 0.00359577 0.00619307 9.77035 -0.0037039 0.999839 0.0175369 151.612 -0.00612902 -0.0175594 0.999827 0
0.985692 0.168552 -0.000840549 10.7026 -0.168552 0.985692 -0.000768126 153.17 0.000699053 0.000898812 0.999999 0
0.926266 0.376501 -0.0166662 11.8402 -0.376633 0.926346 -0.00550874 154.529 0.0133646 0.0113796 0.999846 0
0.82605 0.56239 -0.0368542 13.0927 -0.563244 0.82608 -0.0186735 155.59 0.0199428 0.0361831 0.999146 0
0.688748 0.722746 -0.0571325 14.4896 -0.724704 0.688578 -0.025768 156.498 0.0207165 0.0591519 0.998034 0
0.551 0.831919 -0.0656443 15.8891 -0.83436 0.550664 -0.024752 157.204 0.0155563 0.0684094 0.997536 0
0.392046 0.917125 -0.0719888 17.8506 -0.919894 0.391648 -0.0201533 157.92 0.0097112 0.0741231 0.997202 0
0.294067 0.952559 -0.0784624 20.0082 -0.955785 0.293075 -0.0241295 158.482 1.06491e-05 0.0820888 0.996625 0
0.227022 0.97127 -0.0713846 22.2738 -0.973808 0.225443 -0.0295549 158.914 -0.0126127 0.0762245 0.997011 0
0.203897 0.977112 -0.0606538 24.2027 -0.978386 0.2012 -0.0477384 159.182 -0.0344421 0.0690766 0.997017 0
0.194434 0.979215 -0.0577338 26.1426 -0.980406 0.1921 -0.0435987 159.473 -0.0316018 0.0650797 0.99738 0
0.185559 0.981242 -0.0522685 28.1485 -0.982202 0.18364 -0.0394324 159.746 -0.0290941 0.0586553 0.997854 0
0.17863 0.982465 -0.0534303 30.2184 -0.983472 0.176655 -0.0396886 159.994 -0.029554 0.0596368 0.997783 0
0.177873 0.982572 -0.0539837 31.9209 -0.983526 0.175713 -0.042444 160.176 -0.0322186 0.060644 0.997639 0
0.18351 0.981848 -0.0479338 34.0912 -0.982422 0.181484 -0.0437063 160.402 -0.0342137 0.0551118 0.997894 0
0.195313 0.979312 -0.0529174 35.8363 -0.980006 0.192793 -0.0491947 160.585 -0.0379749 0.0614677 0.997386 0
0.203569 0.977744 -0.0507674 37.6135 -0.978223 0.200977 -0.0518512 160.779 -0.0404941 0.0602171 0.997364 0
0.208408 0.976812 -0.0490294 39.4214 -0.977109 0.205759 -0.0540429 160.965 -0.0427015 0.0591701 0.997334 0
0.208995 0.976668 -0.0494053 41.2669 -0.977172 0.206598 -0.0495213 161.152 -0.0381588 0.0586272 0.99755 0
0.208723 0.976449 -0.0546001 43.1434 -0.977574 0.206714 -0.0402371 161.333 -0.0280029 0.0617741 0.997697 0
0.204417 0.977551 -0.0510658 45.0692 -0.978659 0.202975 -0.0320521 161.497 -0.0209675 0.0565281 0.998181 0
0.202228 0.977911 -0.0528565 47.0254 -0.979141 0.200809 -0.0309649 161.631 -0.0196669 0.0580159 0.998122 0
0.198958 0.978428 -0.0556253 49.0141 -0.979863 0.197631 -0.0284591 161.752 -0.0168518 0.0601673 0.998046 0
0.193756 0.979967 -0.046079 51.0512 -0.980956 0.192875 -0.0228865 161.86 -0.0135405 0.0496358 0.998676 0
0.190077 0.980566 -0.0485817 53.1089 -0.981588 0.18886 -0.0285671 161.93 -0.0188368 0.0531172 0.998411 0
0.183509 0.982077 -0.0430117 55.2083 -0.982914 0.182678 -0.0225532 161.999 -0.0142916 0.0464156 0.99882 0
0.178482 0.983391 -0.0329667 57.3156 -0.983802 0.177789 -0.0229069 162.033 -0.0166654 0.0365212 0.999194 0
0.174872 0.98392 -0.0363372 59.3589 -0.984446 0.174094 -0.0236017 162.043 -0.0168961 0.0398993 0.999061 0
0.174227 0.983961 -0.03829 61.3332 -0.98441 0.173091 -0.0312383 162.016 -0.0241096 0.0431356 0.998778 0
0.176045 0.983853 -0.0322681 63.2631 -0.983782 0.174699 -0.0406688 161.968 -0.034375 0.0389043 0.998652 0
0.179303 0.983395 -0.028014 65.1854 -0.983137 0.178071 -0.0416243 161.928 -0.0359446 0.035005 0.99874 0
0.181356 0.982341 -0.0460032 67.0857 -0.982789 0.179369 -0.0441905 161.877 -0.0351586 0.0532256 0.997963 0
0.182191 0.982829 -0.0292171 69.0433 -0.982264 0.180586 -0.0504517 161.801 -0.0443092 0.0378908 0.998299 0
0.182478 0.982933 -0.0233549 71.0118 -0.982145 0.181124 -0.0508507 161.732 -0.0457526 0.032217 0.998433 0
0.181202 0.982296 -0.0475497 72.9557 -0.982576 0.178798 -0.0507413 161.654 -0.0413411 0.0559157 0.997579 0
0.183264 0.981886 -0.0481102 74.9204 -0.982323 0.181006 -0.047738 161.568 -0.038165 0.0560083 0.997701 0
0.183475 0.981136 -0.0608966 76.8468 -0.982468 0.180935 -0.0449471 161.471 -0.0330809 0.0680756 0.997132 0
0.1824 0.98168 -0.0550871 78.7677 -0.982505 0.179836 -0.048412 161.35 -0.0376184 0.0629537 0.997307 0
0.181163 0.98254 -0.0423736 80.6673 -0.983074 0.179729 -0.0355478 161.242 -0.0273114 0.0480963 0.998469 0
0.178668 0.983222 -0.0367686 82.5384 -0.983773 0.177895 -0.0233436 161.118 -0.016411 0.0403427 0.999051 0
0.174666 0.98365 -0.043879 84.3779 -0.984381 0.173451 -0.0301389 160.948 -0.0220353 0.0484579 0.998582 0
0.172961 0.984256 -0.0364074 86.2207 -0.984847 0.172352 -0.0192677 160.798 -0.0126894 0.0391883 0.999151 0
0.17294 0.984197 -0.0380575 88.0409 -0.984813 0.172188 -0.0222476 160.608 -0.0153429 0.041327 0.999028 0
0.169111 0.985016 -0.0338441 89.8629 -0.985397 0.168286 -0.0259405 160.41 -0.0198563 0.0377367 0.99909 0
0.165704 0.985069 -0.0466947 91.6585 -0.985881 0.164312 -0.0322544 160.186 -0.0241004 0.0513801 0.998388 0
0.165692 0.985642 -0.0324957 93.4883 -0.985608 0.164386 -0.0394293 159.941 -0.0335213 0.0385611 0.998694 0
0.166445 0.985185 -0.0413063 95.2856 -0.985592 0.164945 -0.0374248 159.707 -0.0300571 0.0469404 0.998445 0
0.168672 0.985132 -0.0326179 97.1016 -0.985196 0.16747 -0.0366359 159.461 -0.0306287 0.0383145 0.998796 0
0.171273 0.984256 -0.043655 98.8786 -0.984906 0.169924 -0.032966 159.221 -0.0250289 0.0486423 0.998503 0
0.173086 0.983897 -0.0445892 100.641 -0.984462 0.171471 -0.0378358 158.955 -0.0295807 0.0504453 0.998289 0
0.175397 0.983229 -0.0499647 102.358 -0.983689 0.172971 -0.0493618 158.672 -0.0398915 0.0578077 0.99753 0
0.180403 0.982481 -0.0467619 104.454 -0.982753 0.178081 -0.0498305 158.329 -0.0406301 0.054945 0.997662 0
0.188414 0.98107 -0.0447436 106.477 -0.981487 0.186508 -0.0435595 158.006 -0.0343899 0.0521225 0.998048 0
0.192375 0.980664 -0.0359237 108.456 -0.980811 0.190965 -0.0392789 157.679 -0.0316592 0.0427906 0.998582 0
0.196186 0.979861 -0.0372008 110.378 -0.980021 0.19467 -0.0407803 157.337 -0.0327171 0.0444581 0.998475 0
0.198868 0.979113 -0.0423034 112.244 -0.979699 0.197502 -0.0343824 157.01 -0.0253093 0.0482822 0.998513 0
0.200065 0.979091 -0.0367938 114.074 -0.979504 0.198971 -0.0313567 156.674 -0.0233802 0.042313 0.998831 0
0.202 0.978802 -0.0338107 115.861 -0.979119 0.20102 -0.0302807 156.344 -0.0228422 0.0392214 0.998969 0
0.208809 0.977003 -0.0431762 117.907 -0.977894 0.208091 -0.0205491 155.971 -0.0110919 0.0465126 0.998856 0
0.210221 0.976793 -0.0410287 119.837 -0.977617 0.209662 -0.0175404 155.591 -0.00853122 0.0437977 0.999004 0
0.194244 0.980586 -0.0268302 121.666 -0.980885 0.193834 -0.0171411 155.197 -0.0116077 0.0296469 0.999493 0
0.123986 0.991663 -0.0351112 123.627 -0.99223 0.123532 -0.0148277 154.653 -0.0103667 0.0366768 0.999273 0
0.00145281 0.999568 -0.0293474 125.452 -0.999993 0.00135455 -0.00336804 153.969 -0.00332684 0.0293521 0.999564 0
-0.161253 0.98651 -0.0281972 127.128 -0.986911 -0.161239 0.00280897 153.099 -0.0017754 0.0282811 0.999598 0
-0.358188 0.933131 -0.0311052 128.623 -0.933601 -0.358309 0.00179276 152.035 -0.00947241 0.029682 0.999515 0
-0.540012 0.840296 -0.0478454 129.902 -0.841482 -0.540187 0.0103253 150.844 -0.0171691 0.0458368 0.998801 0
-0.700484 0.711687 -0.053141 131.159 -0.713388 -0.700353 0.0241571 149.407 -0.0200251 0.0548318 0.998295 0
-0.820126 0.570643 -0.0419417 132.225 -0.571834 -0.819979 0.0252878 147.9 -0.0199611 0.0447229 0.9988 0
-0.908433 0.416681 -0.0335668 133.064 -0.417511 -0.908377 0.0231671 146.328 -0.0208381 0.0350603 0.999168 0
-0.958948 0.281952 -0.0303665 133.784 -0.282903 -0.958559 0.0336317 144.499 -0.0196255 0.0408418 0.998973 0
-0.976621 0.212701 -0.0311486 134.345 -0.213536 -0.976577 0.0264673 142.564 -0.0247894 0.0324998 0.999164 0
-0.979186 0.199753 -0.0359613 134.775 -0.200941 -0.979043 0.033128 140.763 -0.0285903 0.0396646 0.998804 0
-0.980043 0.19685 -0.0276697 135.166 -0.197527 -0.979996 0.0243091 138.896 -0.022331 0.0292895 0.999322 0
-0.981057 0.192002 -0.0257421 135.481 -0.192568 -0.981045 0.0216569 137.031 -0.0210959 0.0262038 0.999434 0
-0.983086 0.180427 -0.031418 135.736 -0.181067 -0.98329 0.0188636 135.015 -0.0274895 0.0242333 0.999328 0
-0.985158 0.169051 -0.0297549 135.899 -0.169502 -0.98544 0.0133436 133.305 -0.0270659 0.0181891 0.999468 0
-0.985674 0.167111 -0.0228159 136.031 -0.167435 -0.985796 0.0131092 131.591 -0.0203011 0.0167415 0.999654 0
-0.985947 0.164845 -0.0271066 136.118 -0.165122 -0.986238 0.0083019 129.847 -0.025365 0.0126611 0.999598 0
-0.986341 0.162856 -0.0246976 136.19 -0.163284 -0.986443 0.0163919 128.077 -0.0216933 0.0202007 0.999561 0
-0.98689 0.15979 -0.0226932 136.24 -0.160033 -0.987068 0.00932985 126.222 -0.0209089 0.0128392 0.999699 0
-0.987786 0.154664 -0.0189144 136.269 -0.154826 -0.987914 0.007369 124.676 -0.0175461 0.0102074 0.999794 0
-0.989466 0.144163 -0.0132264 136.277 -0.144294 -0.989488 0.00960962 122.676 -0.011702 0.0114169 0.999866 0
-0.98979 0.142174 -0.010107 136.267 -0.142232 -0.98982 0.00522973 121.024 -0.00926054 0.00661387 0.999935 0
-0.991295 0.130768 -0.0152715 136.208 -0.130762 -0.991413 -0.00140174 118.91 -0.0153237 0.0006074 0.999882 0
-0.991568 0.128246 -0.0185773 136.141 -0.128279 -0.991738 0.000580132 117.204 -0.0183494 0.00295831 0.999827 0
-0.99158 0.127995 -0.0196345 136.07 -0.127965 -0.991775 -0.00277671 115.491 -0.0198284 -0.000240802 0.999803 0
-0.991252 0.130743 -0.0180206 135.994 -0.130592 -0.991392 -0.00931821 113.787 -0.0190838 -0.00688334 0.999794 0
-0.990846 0.13359 -0.0194536 135.899 -0.133459 -0.991023 -0.0079261 112.115 -0.0203378 -0.00525729 0.999779 0
-0.990529 0.136042 -0.0185902 135.774 -0.135896 -0.990683 -0.0089068 110.051 -0.0196287 -0.00629611 0.999788 0
-0.9893 0.143969 -0.0236288 135.626 -0.143876 -0.98958 -0.0056003 108.043 -0.0241889 -0.00214076 0.999705 0
-0.986692 0.16127 -0.0207643 135.497 -0.161246 -0.98691 -0.00280226 106.096 -0.0209445 0.000583205 0.99978 0
-0.983499 0.18 -0.018154 135.355 -0.180059 -0.983654 0.00169403 103.844 -0.0175523 0.00493487 0.999834 0
-0.98192 0.188547 -0.0168315 135.223 -0.188667 -0.982024 0.00577785 101.561 -0.0154395 0.00884892 0.999842 0
-0.981675 0.189706 -0.0180603 135.121 -0.189904 -0.981752 0.00998999 99.5066 -0.0158356 0.0132367 0.999787 0
-0.981444 0.191091 -0.0158502 135.047 -0.191248 -0.9815 0.0090709 97.2678 -0.0138236 0.0119339 0.999833 0
-0.981401 0.19159 -0.0120379 134.996 -0.191703 -0.981412 0.00900221 94.869 -0.0100894 0.0111425 0.999887 0
-0.98165 0.190488 -0.00879389 134.964 -0.190548 -0.981656 0.00654269 92.8605 -0.00738627 0.00809829 0.99994 0
-0.981886 0.189101 -0.0118489 134.915 -0.1892 -0.981907 0.0078344 90.8106 -0.010153 0.00993429 0.999899 0
-0.982459 0.186323 -0.00764628 134.868 -0.186394 -0.982425 0.00992145 88.7623 -0.00566331 0.0111726 0.999922 0
-0.983258 0.182212 -0.00144877 134.811 -0.182217 -0.983207 0.0100534 86.7341 0.00040741 0.0101491 0.999948 0
-0.984666 0.174441 -0.00167201 134.724 -0.174449 -0.98463 0.00847572 84.735 -0.000167796 0.00863743 0.999963 0
-0.986846 0.161631 -0.00330544 134.591 -0.161658 -0.986789 0.0106594 82.2672 -0.00153887 0.0110536 0.999938 0
-0.988172 0.153339 -0.00191245 134.476 -0.153351 -0.988085 0.0131267 80.2897 0.000123168 0.0132647 0.999912 0
-0.989361 0.145309 -0.007085 134.336 -0.145388 -0.989298 0.0122966 78.3025 -0.00522237 0.0131959 0.999899 0
-0.990738 0.135307 -0.0114365 134.155 -0.135426 -0.990733 0.0104273 75.8068 -0.00991967 0.0118796 0.99988 0
-0.991691 0.128331 -0.00891152 134.013 -0.12842 -0.991666 0.0103146 73.8037 -0.00751358 0.0113733 0.999907 0
-0.993059 0.117374 -0.007597 133.817 -0.117421 -0.993063 0.0061364 71.2656 -0.00682404 0.00698586 0.999952 0
-0.993767 0.110951 -0.0108031 133.64 -0.111057 -0.993766 0.00980026 69.2143 -0.00964842 0.0109389 0.999894 0
-0.99331 0.114483 -0.0151438 133.47 -0.114614 -0.993377 0.00806675 67.137 -0.01412 0.00974848 0.999853 0
-0.991255 0.12986 -0.0234394 133.317 -0.130121 -0.991448 0.00998487 65.0534 -0.0219423 0.0129475 0.999675 0
-0.987936 0.153253 -0.0222744 133.225 -0.153431 -0.988138 0.0065349 62.9593 -0.0210086 0.00987365 0.999731 0
-0.983803 0.177707 -0.023484 133.17 -0.177983 -0.98398 0.0102194 60.8715 -0.0212917 0.0142336 0.999672 0
-0.981318 0.191072 -0.0224996 133.152 -0.191419 -0.981402 0.01444 58.7815 -0.0193221 0.0184771 0.999643 0
-0.980796 0.19391 -0.0209296 133.142 -0.194315 -0.980747 0.0194379 56.6918 -0.0167574 0.0231315 0.999592 0
-0.981182 0.191852 -0.021784 133.122 -0.192203 -0.981235 0.0153433 54.5812 -0.0184315 0.0192415 0.999645 0
-0.981384 0.190793 -0.0219756 133.097 -0.191215 -0.981364 0.0190256 52.4785 -0.0179361 0.0228735 0.999577 0
-0.981571 0.190515 -0.0149218 133.085 -0.190819 -0.981364 0.0226413 50.3762 -0.0103302 0.0250714 0.999632 0
-0.982145 0.188066 -0.00481019 133.072 -0.188125 -0.981939 0.02013 48.2697 -0.000937554 0.0206755 0.999786 0
-0.982872 0.184207 -0.00556797 133.03 -0.184281 -0.982687 0.0191276 46.1656 -0.00194814 0.019826 0.999802 0
-0.983709 0.179355 -0.0122211 132.968 -0.179596 -0.983475 0.0228459 44.0723 -0.00792158 0.0246686 0.999664 0
-0.9847 0.173486 -0.0164108 132.897 -0.17381 -0.984557 0.0209026 41.9806 -0.0125311 0.0234352 0.999647 0
-0.985238 0.170263 -0.017797 132.814 -0.170682 -0.984997 0.0254569 39.9082 -0.0131956 0.0281188 0.999518 0
-0.985876 0.16631 -0.0197287 132.716 -0.166755 -0.985716 0.0235962 37.8396 -0.0155226 0.0265528 0.999527 0
-0.986203 0.164287 -0.0203332 132.605 -0.164659 -0.986182 0.0182413 35.7737 -0.0170554 0.0213377 0.999627 0
-0.986683 0.161499 -0.0193357 132.483 -0.161953 -0.986487 0.0248097 33.7309 -0.0150677 0.0276108 0.999505 0
-0.986767 0.160904 -0.0200366 132.341 -0.161399 -0.986542 0.0261824 31.6969 -0.0155541 0.0290698 0.999456 0
-0.986793 0.160899 -0.0187368 132.184 -0.161342 -0.986576 0.025212 29.6719 -0.0144287 0.0279021 0.999507 0
-0.986756 0.160853 -0.0209391 132.004 -0.161275 -0.9867 0.0203438 27.6388 -0.0173882 0.0234514 0.999574 0
-0.987042 0.159361 -0.0187619 131.817 -0.159825 -0.986787 0.0265911 25.5973 -0.0142764 0.0292452 0.99947 0
-0.987785 0.155447 -0.0108071 131.669 -0.155681 -0.987464 0.0260372 24.0432 -0.00662421 0.0274016 0.999603 0
-0.988977 0.147692 -0.0105809 131.493 -0.147912 -0.988697 0.0245039 22.4753 -0.00684226 0.0257989 0.999644 0
-0.990476 0.136268 -0.0197154 131.274 -0.136673 -0.990396 0.0208659 20.889 -0.0166827 0.0233617 0.999588 0
-0.991824 0.123793 -0.0309834 131.02 -0.124264 -0.992154 0.0137644 19.2816 -0.0290364 0.017502 0.999425 0
-0.993239 0.110505 -0.0355578 130.745 -0.110765 -0.993832 0.00542426 17.6538 -0.034739 0.00932615 0.999353 0
-0.994004 0.0983091 -0.0478771 130.424 -0.0987885 -0.995078 0.00774575 16.0214 -0.04688 0.012429 0.998823 0
-0.995109 0.0851479 -0.0500702 130.088 -0.0855678 -0.996312 0.00630023 14.3745 -0.0493491 0.0105538 0.998726 0
-0.995008 0.0761082 -0.0645494 129.699 -0.0765934 -0.99705 0.00507236 12.7301 -0.0639729 0.00999109 0.997902 0
-0.995311 0.0723259 -0.0642298 129.316 -0.0722646 -0.99738 -0.00327907 11.0856 -0.0642987 0.00137785 0.99793 0
-0.995765 0.068319 -0.0615258 128.92 -0.0678801 -0.997651 -0.00919912 9.45777 -0.0620098 -0.00498378 0.998063 0
-0.995545 0.0691782 -0.0640642 128.505 -0.0689737 -0.997604 -0.00540025 7.85618 -0.0642843 -0.000957442 0.997931 0
-0.995308 0.0760792 -0.0597887 128.106 -0.0753734 -0.997057 -0.0139752 6.25066 -0.060676 -0.00940316 0.998113 0
-0.994163 0.0869103 -0.0639329 127.703 -0.0858836 -0.996131 -0.0186416 4.65919 -0.0653057 -0.013042 0.99778 0
-0.993372 0.100232 -0.0562591 127.339 -0.0994745 -0.99491 -0.0161182 3.08304 -0.0575883 -0.010415 0.998286 0
-0.992238 0.112771 -0.0524132 126.984 -0.11162 -0.993451 -0.0244079 1.50113 -0.0548224 -0.0183681 0.998327 0
-0.990483 0.126186 -0.0549672 126.637 -0.124857 -0.991808 -0.0269793 -0.0732401 -0.0579213 -0.0198595 0.998124 0
-0.98983 0.134427 -0.0465408 126.324 -0.13256 -0.990321 -0.0411289 -1.66572 -0.0516192 -0.0345411 0.998069 0
-0.989266 0.137367 -0.0498376 125.88 -0.135544 -0.990031 -0.0382999 -3.71722 -0.0546019 -0.0311335 0.998023 0
-0.989698 0.134655 -0.0486409 125.411 -0.132724 -0.990306 -0.0409646 -5.52025 -0.0536855 -0.0340868 0.997976 0
-0.990944 0.126537 -0.0449268 124.781 -0.124925 -0.991474 -0.0370597 -7.35118 -0.0492332 -0.0311116 0.998303 0
-0.995343 0.0934076 -0.0238281 123.85 -0.0931009 -0.995563 -0.0136745 -9.26464 -0.0249997 -0.0113924 0.999623 0
-0.999753 -0.0220918 0.00233446 122.55 0.0220779 -0.999739 -0.00582394 -11.1601 0.00246251 -0.00577096 0.99998 0
-0.9501 -0.311739 0.0113232 120.972 0.311847 -0.950085 0.00945907 -12.9016 0.00780927 0.0125182 0.999891 0
-0.771875 -0.635633 0.0133972 119.24 0.635757 -0.771529 0.0236057 -14.3793 -0.0046682 0.026738 0.999632 0
-0.529 -0.848361 0.0210327 117.394 0.848304 -0.52796 0.0404894 -15.5362 -0.0232452 0.039261 0.998959 0
-0.288368 -0.95732 0.0195662 115.17 0.957113 -0.287589 0.0350381 -16.4905 -0.0279156 0.0288309 0.999194 0
-0.180079 -0.983568 0.0128299 112.909 0.982873 -0.179402 0.0421335 -17.1047 -0.0391395 0.0201975 0.99903 0
-0.16162 -0.986773 0.0125541 110.823 0.986071 -0.160973 0.0418499 -17.584 -0.0392755 0.019143 0.999045 0
-0.150028 -0.988676 -0.00335466 108.546 0.987929 -0.150045 0.0385027 -18.0337 -0.0385701 0.00246232 0.999253 0
-0.147951 -0.988971 -0.00681653 106.611 0.987775 -0.148108 0.0486212 -18.3404 -0.0490945 0.000460364 0.998794 0
-0.148814 -0.98886 -0.00331066 104.583 0.98782 -0.14881 0.0454703 -18.6556 -0.0454565 0.0034963 0.99896 0
-0.150411 -0.988599 -0.00690229 102.453 0.987686 -0.150568 0.0424999 -18.9514 -0.0430546 -0.000424853 0.999073 0
-0.153362 -0.988067 -0.0142654 100.796 0.987027 -0.153863 0.0458633 -19.1563 -0.047511 -0.00704666 0.998846 0
-0.159211 -0.987142 -0.0142434 98.5276 0.985987 -0.15972 0.0481542 -19.4175 -0.04981 -0.00637717 0.998738 0
-0.162169 -0.986499 -0.0228243 96.7644 0.985466 -0.163098 0.0474997 -19.6029 -0.050581 -0.0147896 0.99861 0
-0.163222 -0.986372 -0.0207155 94.9707 0.984945 -0.164126 0.0542834 -19.765 -0.0569436 -0.0115434 0.998311 0
-0.161625 -0.98657 -0.0236103 93.1318 0.985121 -0.162712 0.0553388 -19.9144 -0.0584373 -0.0143148 0.998188 0
-0.161577 -0.986714 -0.0169932 91.2705 0.98505 -0.162299 0.0577454 -20.0391 -0.0597362 -0.00740887 0.998187 0
-0.162197 -0.986092 -0.0362446 89.3427 0.985045 -0.16397 0.0529194 -20.1545 -0.0581264 -0.0271192 0.997941 0
-0.163436 -0.986119 -0.0292865 87.415 0.985084 -0.164741 0.0497035 -20.2509 -0.0538382 -0.0207263 0.998335 0
-0.164007 -0.98607 -0.0277086 85.451 0.985031 -0.165215 0.0491636 -20.3218 -0.0530567 -0.0192307 0.998406 0
-0.164996 -0.985947 -0.0261788 83.4636 0.98498 -0.166088 0.0472177 -20.3742 -0.0509022 -0.0179949 0.998542 0
-0.164963 -0.985895 -0.0282411 81.4521 0.985113 -0.166101 0.0442967 -20.4092 -0.0483628 -0.0205134 0.998619 0
-0.165314 -0.985862 -0.0273314 79.4266 0.985087 -0.166397 0.0437605 -20.4187 -0.0476897 -0.0196896 0.998668 0
-0.167748 -0.985508 -0.0251854 77.3839 0.984522 -0.168787 0.0472012 -20.4063 -0.0507681 -0.0168776 0.998568 0
-0.167613 -0.985465 -0.0276603 75.3247 0.984202 -0.168889 0.0531268 -20.3742 -0.0570261 -0.0183186 0.998205 0
-0.167114 -0.98552 -0.0286979 73.2469 0.984447 -0.16839 0.0500895 -20.3351 -0.0541967 -0.0198809 0.998332 0
-0.16639 -0.985638 -0.0288491 71.1477 0.984674 -0.167636 0.0481078 -20.2782 -0.052253 -0.0204023 0.998425 0
-0.166608 -0.985432 -0.0341288 69.0144 0.984723 -0.168065 0.045553 -20.2053 -0.0506253 -0.0260179 0.998379 0
-0.166605 -0.985618 -0.0282831 66.8697 0.984858 -0.167734 0.043824 -20.1152 -0.0479378 -0.0205535 0.998639 0
-0.167432 -0.985359 -0.0321573 64.6867 0.984701 -0.168739 0.0434812 -20.0109 -0.0482708 -0.0243852 0.998537 0
-0.167947 -0.985512 -0.0236746 62.4966 0.984633 -0.168867 0.0445298 -19.8944 -0.0478825 -0.0158321 0.998728 0
-0.168451 -0.985366 -0.0260359 60.2727 0.984731 -0.169402 0.0400969 -19.7721 -0.0439207 -0.018884 0.998857 0
-0.168286 -0.984996 -0.0382409 58.014 0.984617 -0.169818 0.0411326 -19.6323 -0.0470094 -0.0307306 0.998422 0
-0.169008 -0.984798 -0.0401165 55.747 0.984299 -0.170745 0.0447385 -19.4776 -0.050908 -0.0319255 0.998193 0
-0.168039 -0.984437 -0.0514557 54.21 0.984506 -0.170246 0.0420064 -19.3759 -0.0501127 -0.0435997 0.997791 0
-0.168993 -0.98465 -0.0436635 51.9224 0.984626 -0.170644 0.0373222 -19.2178 -0.0442002 -0.036685 0.998349 0
-0.168728 -0.984607 -0.045618 49.6153 0.985012 -0.170117 0.0284907 -19.0505 -0.0358125 -0.0401271 0.998553 0
-0.168784 -0.984635 -0.0447909 48.0761 0.985044 -0.170103 0.0274451 -18.9227 -0.0346424 -0.0394887 0.998619 0
-0.167791 -0.984853 -0.0437209 45.7701 0.985441 -0.168795 0.0203471 -18.7275 -0.0274188 -0.0396703 0.998837 0
-0.166202 -0.984682 -0.0527007 43.4595 0.985743 -0.167328 0.0176884 -18.5119 -0.0262358 -0.0490095 0.998454 0
-0.164423 -0.98544 -0.0432871 41.187 0.986073 -0.165323 0.0180959 -18.2765 -0.0249888 -0.0397089 0.998899 0
-0.162493 -0.985388 -0.0510493 39.6699 0.98629 -0.163714 0.0207109 -18.1044 -0.0287658 -0.046984 0.998481 0
-0.159154 -0.986288 -0.0436501 37.4502 0.986682 -0.160412 0.0269742 -17.8286 -0.0336063 -0.0387757 0.998683 0
-0.156267 -0.986386 -0.0512242 35.2509 0.987245 -0.157582 0.0227116 -17.552 -0.0304744 -0.0470218 0.998429 0
-0.15387 -0.986121 -0.0623576 33.0832 0.987595 -0.155486 0.0219233 -17.2602 -0.0313148 -0.0582107 0.997813 0
-0.152264 -0.9865 -0.0602706 30.9677 0.987869 -0.15379 0.0215195 -16.9581 -0.030498 -0.0562628 0.99795 0
-0.150811 -0.986426 -0.0649579 28.8775 0.988187 -0.152239 0.017609 -16.66 -0.0272591 -0.0615349 0.997733 0
-0.151406 -0.986101 -0.0684191 26.828 0.988251 -0.152471 0.010584 -16.3672 -0.0208688 -0.0660127 0.997601 0
-0.154836 -0.985394 -0.070885 24.8277 0.987703 -0.155972 0.0107438 -16.0698 -0.0216429 -0.0683498 0.997427 0
-0.159099 -0.984263 -0.0769043 22.8994 0.98711 -0.159961 0.00513676 -15.7895 -0.0173576 -0.0750957 0.997025 0
-0.16128 -0.983869 -0.0774032 21.0623 0.986798 -0.161941 0.00230216 -15.5131 -0.0147998 -0.07601 0.996997 0
-0.163143 -0.983519 -0.0779347 19.2926 0.986519 -0.163647 8.70229e-05 -15.2447 -0.0128394 -0.0768698 0.996958 0
-0.163874 -0.983064 -0.0820397 17.0442 0.98644 -0.164057 -0.0045462 -14.905 -0.00899001 -0.0816723 0.996619 0
-0.150157 -0.985044 -0.084509 14.9792 0.988661 -0.149468 -0.0144635 -14.5643 0.00161583 -0.0857225 0.996318 0
-0.105005 -0.991323 -0.0790703 13.1269 0.994422 -0.103872 -0.0183143 -14.1556 0.0099422 -0.0805523 0.996701 0
0.00546146 -0.99723 -0.0741763 11.1294 0.999753 0.00704157 -0.0210573 -13.5032 0.0215213 -0.074043 0.997023 0
0.158962 -0.985493 -0.0594605 9.36623 0.986423 0.161051 -0.0321271 -12.7116 0.0412372 -0.0535462 0.997714 0
0.343259 -0.937511 -0.0569831 7.65456 0.93827 0.34503 -0.0245712 -11.7045 0.0426967 -0.0450313 0.998073 0
0.529916 -0.845222 -0.0691993 6.01969 0.84576 0.532715 -0.0300706 -10.5395 0.0622799 -0.0425911 0.99715 0
0.704469 -0.707543 -0.055735 4.61167 0.707395 0.706349 -0.0257373 -9.19764 0.0575786 -0.0212955 0.998114 0
0.869747 -0.492119 -0.0368586 3.26279 0.491537 0.870524 -0.0240902 -7.48768 0.0439415 0.00283504 0.99903 0
0.982534 -0.185789 -0.0104334 2.08215 0.185239 0.981876 -0.0400645 -5.29602 0.0176879 0.037432 0.999143 0
0.999885 0.00391775 0.0146285 1.37227 -0.00308065 0.99838 -0.056814 -3.13669 -0.0148274 0.0567625 0.998278 0
0.999019 0.0222589 0.0382728 1.0014 -0.0203937 0.998617 -0.048452 -1.26048 -0.0392984 0.047624 0.998092 0
0.998365 -0.0228798 0.0523879 0.708075 0.0256561 0.998268 -0.0529499 0.437233 -0.0510857 0.0542074 0.997222 0
0.992441 -0.10745 0.0592862 0.363754 0.110342 0.99274 -0.0478687 2.27452 -0.0537123 0.0540486 0.997093 0
0.979337 -0.189893 0.0695739 -0.0363654 0.193107 0.980246 -0.0427574 4.23271 -0.0600801 0.0553091 0.99666 0
0.962767 -0.260416 0.0725466 -0.52295 0.263245 0.964183 -0.0324651 6.311 -0.0614937 0.0503538 0.996836 0
0.952755 -0.295179 0.0716066 -1.04809 0.298035 0.953987 -0.0329156 8.47218 -0.0585958 0.0527018 0.99689 0
0.951685 -0.301451 0.0585028 -1.46043 0.303151 0.952676 -0.0225561 10.265 -0.0489347 0.0392015 0.998032 0
0.951181 -0.303279 0.0572381 -1.81683 0.304476 0.952427 -0.0132874 12.0831 -0.0504854 0.0300664 0.998272 0
0.956153 -0.288264 0.0517188 -2.12822 0.28919 0.957206 -0.0112427 13.922 -0.0462647 0.0257063 0.998598 0
0.965122 -0.257553 0.046973 -2.34574 0.25832 0.965997 -0.0109561 15.7989 -0.042554 0.0227081 0.998836 0
0.97316 -0.22601 0.0433467 -2.4782 0.226721 0.973883 -0.0121932 17.7112 -0.0394588 0.0216936 0.998986 0
0.9804 -0.192809 0.0405048 -2.52625 0.193374 0.981069 -0.010493 19.6635 -0.0377149 0.0181199 0.999124 0
0.985522 -0.165162 0.0383037 -2.49297 0.165673 0.986124 -0.0105666 21.6526 -0.036027 0.0167595 0.99921 0
0.988143 -0.148342 0.0396089 -2.39632 0.148918 0.988777 -0.0119913 23.6752 -0.0373856 0.0177476 0.999143 0
0.988491 -0.143344 0.0483519 -2.25292 0.143992 0.989527 -0.0101825 25.7325 -0.0463859 0.0170276 0.998778 0
0.988618 -0.142838 0.0472372 -2.10227 0.143509 0.989587 -0.0111142 27.8155 -0.0451578 0.0177667 0.998822 0
0.988275 -0.145561 0.04609 -1.93079 0.146235 0.989182 -0.0115992 29.9257 -0.043903 0.0182032 0.99887 0
0.987693 -0.150636 0.0420768 -1.75168 0.151251 0.988425 -0.0118081 32.0658 -0.039811 0.0180269 0.999045 0
0.986543 -0.158901 0.0385166 -1.57202 0.159172 0.987242 -0.00406345 34.2482 -0.0373795 0.0101395 0.99925 0
0.985677 -0.166536 0.0265755 -1.41138 0.166753 0.98598 -0.00613686 36.4542 -0.0251809 0.0104805 0.999628 0
0.98411 -0.174773 0.031346 -1.22458 0.174869 0.984592 -0.000335739 38.7069 -0.0308043 0.00581184 0.999509 0
0.98265 -0.182743 0.0317005 -1.05477 0.182939 0.983119 -0.00335918 40.9798 -0.0305515 0.00910015 0.999492 0
0.981287 -0.190096 0.0306455 -0.891874 0.190229 0.981739 -0.00148627 43.2868 -0.0298033 0.00728812 0.999529 0
0.9801 -0.196227 0.0299816 -0.770698 0.196254 0.980551 0.00207105 45.0288 -0.0298049 0.00385418 0.999548 0
0.978717 -0.203325 0.0277922 -0.615856 0.203144 0.979106 0.00920181 47.3433 -0.0290825 -0.00336013 0.999571 0
0.977918 -0.207546 0.0245138 -0.463179 0.207388 0.978219 0.00884852 49.6288 -0.0258163 -0.00356924 0.99966 0
0.977502 -0.209481 0.0246509 -0.299717 0.209142 0.97776 0.015622 51.9094 -0.0273752 -0.0101149 0.999574 0
0.977127 -0.211688 0.0202914 -0.138566 0.211469 0.977306 0.0124161 54.1633 -0.0224593 -0.00784107 0.999717 0
0.977192 -0.211974 0.0127909 0.0221702 0.211861 0.977252 0.00964755 56.4043 -0.014545 -0.00671762 0.999872 0
0.977093 -0.212158 0.0166602 0.205655 0.212013 0.977215 0.010073 58.6311 -0.0184177 -0.00631007 0.99981 0
0.977091 -0.212507 0.0116172 0.377261 0.212398 0.977133 0.00995251 60.838 -0.0134665 -0.00725703 0.999883 0
0.977024 -0.213126 -0.000629609 0.539436 0.213126 0.977025 -0.000409242 63.0068 0.000702364 0.000265653 1 0
0.978226 -0.207438 -0.00657949 0.715337 0.207437 0.978248 -0.000818169 65.1656 0.00660609 -0.000564476 0.999978 0
0.982442 -0.186396 -0.00798731 0.922816 0.186367 0.982471 -0.00430828 67.2984 0.00865034 0.00274406 0.999959 0
0.98697 -0.160813 -0.00534981 1.17476 0.160746 0.986931 -0.0113415 69.4116 0.00710376 0.0103338 0.999921 0
0.989798 -0.142428 0.00367965 1.46182 0.142465 0.989709 -0.0134275 71.5515 -0.00172931 0.0138148 0.999903 0
0.991292 -0.131368 0.00907064 1.74271 0.131522 0.991129 -0.0191327 73.7193 -0.00647674 0.0201591 0.999776 0
0.99191 -0.125453 0.0193819 2.02938 0.125882 0.991783 -0.0228125 75.9305 -0.0163608 0.0250678 0.999552 0
0.991517 -0.127172 0.0268634 2.29803 0.127653 0.991673 -0.0169999 78.1846 -0.0244777 0.0202849 0.999495 0
0.990857 -0.129651 0.0373207 2.5569 0.130127 0.991441 -0.0106098 80.4704 -0.0356257 0.0153692 0.999247 0
0.990652 -0.131737 0.035412 2.78692 0.132407 0.991044 -0.0173002 82.7717 -0.0328158 0.0218273 0.999223 0
0.990133 -0.133793 0.0416588 3.0278 0.134683 0.9907 -0.0193339 85.106 -0.0386846 0.0247538 0.998945 0
0.988921 -0.14094 0.0466013 3.2554 0.141961 0.989683 -0.0193725 87.4679 -0.0433902 0.0257734 0.998726 0
0.987265 -0.151251 0.0493022 3.45567 0.152435 0.988087 -0.0211817 89.8418 -0.0455111 0.0284273 0.998559 0
0.985708 -0.160197 0.0521266 3.63968 0.161431 0.986674 -0.0203564 92.232 -0.0481709 0.0284804 0.998433 0
0.984323 -0.17024 0.0461143 3.79827 0.17119 0.985083 -0.0174733 94.6337 -0.0424518 0.0250937 0.998783 0
0.983188 -0.177244 0.0438756 3.91322 0.177858 0.984 -0.010474 96.4527 -0.0413171 0.0181015 0.998982 0
0.981656 -0.185779 0.0428733 4.05511 0.186281 0.982464 -0.00800391 98.8915 -0.0406345 0.0158436 0.999048 0
0.980142 -0.194179 0.0402014 4.18311 0.194875 0.980726 -0.0141248 101.337 -0.0366839 0.0216785 0.999092 0
0.978673 -0.19967 0.0482783 4.28961 0.200296 0.979699 -0.0084451 103.198 -0.045612 0.0179349 0.998798 0
0.97786 -0.204268 0.0454447 4.39942 0.204967 0.978704 -0.0112485 105.681 -0.0421792 0.0203141 0.998904 0
0.97784 -0.206071 0.0369157 4.47166 0.206652 0.978333 -0.0126442 107.555 -0.0335103 0.0199927 0.999238 0
0.977438 -0.207325 0.0403913 4.56417 0.2078 0.97814 -0.00787703 109.446 -0.0378752 0.0160926 0.999153 0
0.977606 -0.20621 0.0419972 4.65467 0.206874 0.978293 -0.0120942 111.336 -0.0385916 0.0205115 0.999045 0
0.978384 -0.202777 0.04057 4.74728 0.203444 0.979 -0.0130149 113.24 -0.0370789 0.0209873 0.999092 0
0.97906 -0.198919 0.0432747 4.85937 0.199704 0.979748 -0.0145936 115.15 -0.0394953 0.0229301 0.998957 0
0.979661 -0.19623 0.0419391 4.97299 0.196993 0.980292 -0.014862 117.063 -0.0381962 0.0228214 0.99901 0
0.979515 -0.196888 0.0422642 5.09347 0.197233 0.980348 -0.00410321 118.992 -0.0406257 0.012355 0.999098 0
0.979337 -0.197482 0.0435807 5.21544 0.197892 0.98021 -0.00525917 120.91 -0.0416796 0.0137748 0.999036 0
0.9793 -0.197447 0.0445538 5.34198 0.198005 0.980165 -0.00843227 122.824 -0.0420052 0.0170796 0.998971 0
0.979066 -0.198054 0.0469564 5.47672 0.198676 0.980025 -0.0089066 124.726 -0.0442545 0.0180492 0.998857 0
0.978951 -0.197808 0.0502671 5.62223 0.197632 0.98024 0.00849778 126.631 -0.0509548 0.00161547 0.9987 0
0.979067 -0.197089 0.0508279 5.77727 0.197674 0.980245 -0.00668295 128.477 -0.0485066 0.0165904 0.998685 0
0.978962 -0.197573 0.050969 5.94812 0.197997 0.980197 -0.00335995 130.32 -0.0492958 0.013381 0.998695 0
0.979425 -0.197203 0.0428725 6.11047 0.197536 0.980289 -0.0036195 132.136 -0.0413137 0.0120139 0.999074 0
0.979537 -0.197367 0.0394092 6.29059 0.197965 0.980137 -0.0118632 133.918 -0.036285 0.019422 0.999153 0
0.979793 -0.197059 0.0342418 6.47599 0.197335 0.980324 -0.00484778 135.69 -0.0326128 0.0115069 0.999402 0
0.979902 -0.197208 0.0300114 6.66868 0.197418 0.98031 -0.00419315 137.427 -0.0285935 0.0100337 0.999541 0
0.980289 -0.195931 0.0254062 6.86846 0.19589 0.980617 0.00411305 139.151 -0.0257196 0.000944832 0.999669 0
0.980287 -0.196415 0.0214044 7.0701 0.196489 0.980505 -0.00137914 140.832 -0.0207163 0.00555768 0.99977 0
0.980675 -0.195121 0.0142912 7.27048 0.195066 0.980777 0.00513174 142.496 -0.0150178 -0.00224484 0.999885 0
0.980787 -0.194882 0.00880659 7.54466 0.194824 0.980813 0.00710251 144.641 -0.0100218 -0.00525032 0.999936 0
0.981865 -0.189584 5.41278e-05 7.82527 0.189543 0.981661 0.0203873 146.666 -0.00391823 -0.0200073 0.999792 0
0.984881 -0.173141 -0.00565977 8.13164 0.173205 0.984785 0.014098 148.511 0.00313271 -0.0148652 0.999885 0
0.991605 -0.127878 -0.0191268 8.46009 0.12825 0.991547 0.0196433 150.297 0.0164532 -0.0219314 0.999624 0
0.998789 -0.04094 -0.0272709 8.88798 0.0418938 0.998496 0.0353721 152.042 0.0257817 -0.0364717 0.999002 0
0.99508 0.0906018 -0.0400893 9.45328 -0.0897601 0.995713 0.0223232 153.678 0.0419399 -0.0186149 0.998947 0
0.96444 0.26022 -0.0462601 10.2304 -0.258985 0.965382 0.0310498 155.223 0.0527384 -0.017965 0.998447 0
0.893867 0.444897 -0.0554032 11.1784 -0.444286 0.895575 0.0235644 156.562 0.0601014 0.00355143 0.998186 0
0.7821 0.619051 -0.0713748 12.2414 -0.619116 0.784936 0.0238853 157.684 0.0708109 0.0255086 0.997164 0
0.59947 0.797413 -0.0690578 13.703 -0.798333 0.601887 0.0199126 158.742 0.0574435 0.0431941 0.997414 0
0.373968 0.924436 -0.0746004 15.4674 -0.927027 0.374996 -0.000252013 159.58 0.0277419 0.0692508 0.997213 0
0.226275 0.970656 -0.0814084 17.3261 -0.974047 0.224998 -0.024651 160.159 -0.00561089 0.0848735 0.996376 0
0.184521 0.980181 -0.0720961 18.985 -0.982455 0.181932 -0.0410209 160.55 -0.0270913 0.0784004 0.996554 0
0.16753 0.983612 -0.0666437 20.7001 -0.984986 0.16414 -0.0534895 160.887 -0.041674 0.0746042 0.996342 0
0.15219 0.986541 -0.0597992 22.5027 -0.986989 0.148526 -0.0615917 161.142 -0.051881 0.0683948 0.996308 0
0.139273 0.98931 -0.0432231 24.4323 -0.988593 0.13638 -0.0639021 161.321 -0.0573242 0.0516299 0.99702 0
0.128166 0.990888 -0.0414139 26.0453 -0.989915 0.125276 -0.0661409 161.407 -0.06035 0.0494733 0.996951 0
0.124383 0.991636 -0.0344465 27.6928 -0.990574 0.122092 -0.0621081 161.454 -0.057383 0.0418471 0.997475 0
0.124078 0.991837 -0.0293811 29.3491 -0.99022 0.121863 -0.0679268 161.434 -0.0637918 0.0375219 0.997258 0
0.121465 0.992307 -0.0239547 31.0247 -0.990407 0.11956 -0.0692739 161.38 -0.0658769 0.0321393 0.99731 0
0.110624 0.993483 -0.0274589 32.7392 -0.99168 0.108508 -0.0692636 161.269 -0.0658327 0.0348926 0.99722 0
0.103489 0.994204 -0.0291327 34.4898 -0.992052 0.101069 -0.0749554 161.105 -0.0715766 0.0366582 0.996761 0
0.103302 0.994454 -0.0197563 36.2669 -0.992426 0.101724 -0.0688622 160.924 -0.0664706 0.0267203 0.997431 0
0.111351 0.993386 -0.028021 38.0293 -0.991656 0.109225 -0.0684764 160.714 -0.0649629 0.0354121 0.997259 0
0.119463 0.992434 -0.0283481 39.8074 -0.990675 0.117271 -0.0693527 160.48 -0.0655036 0.0363688 0.997189 0
0.1423 0.989412 -0.0285537 41.5918 -0.988142 0.140318 -0.0623464 160.262 -0.0576796 0.037087 0.997646 0
0.171624 0.984407 -0.0385855 43.8162 -0.984063 0.16945 -0.0539214 160.001 -0.0465422 0.0472248 0.997799 0
0.1877 0.981344 -0.0416382 46.0675 -0.981455 0.185704 -0.0475435 159.746 -0.0389241 0.0497899 0.998001 0
0.196034 0.979656 -0.0429524 47.8956 -0.979906 0.194064 -0.0460712 159.528 -0.0367984 0.0511209 0.998014 0
0.21048 0.976659 -0.0428421 50.2268 -0.976984 0.208593 -0.0446297 159.258 -0.0346514 0.0512497 0.998085 0
0.231957 0.97141 -0.0505775 52.596 -0.972433 0.230297 -0.036569 159.016 -0.0238756 0.0576657 0.99805 0
0.250195 0.966813 -0.0517201 54.5406 -0.96772 0.24804 -0.0446586 158.828 -0.0303479 0.0612239 0.997663 0
0.267098 0.962687 -0.0434973 57.0442 -0.963359 0.265595 -0.0374088 158.667 -0.0244603 0.0518953 0.998353 0
0.272733 0.960684 -0.0519891 59.0848 -0.961946 0.27136 -0.0319875 158.558 -0.0166221 0.0587347 0.998135 0
0.273007 0.960633 -0.0514918 61.1846 -0.961867 0.271644 -0.0319703 158.452 -0.0167243 0.0582563 0.998162 0
0.272307 0.961397 -0.0395552 63.3481 -0.961877 0.270901 -0.037484 158.337 -0.0253215 0.0482543 0.998514 0
0.271911 0.961534 -0.0389362 65.553 -0.961548 0.269847 -0.0510721 158.22 -0.0386007 0.0513261 0.997936 0
0.269344 0.961657 -0.0516705 67.7779 -0.962435 0.266878 -0.0499518 158.132 -0.0342467 0.0631837 0.997414 0
0.264985 0.96378 -0.0301919 70.0893 -0.963621 0.263548 -0.0444638 158.049 -0.0348963 0.0408758 0.998555 0
0.262858 0.964122 -0.0370816 72.4174 -0.964107 0.260974 -0.0488887 157.969 -0.0374573 0.0486015 0.998116 0
0.260505 0.964466 -0.0440791 74.7756 -0.964759 0.258286 -0.0502826 157.905 -0.0371108 0.0556245 0.997762 0
0.259131 0.964665 -0.0476783 76.5637 -0.965232 0.256897 -0.0482847 157.865 -0.0343302 0.0585327 0.997695 0
0.258091 0.964775 -0.0509807 78.9459 -0.965751 0.256174 -0.0412294 157.824 -0.0267172 0.0598756 0.997848 0
0.256116 0.965935 -0.0370602 81.3076 -0.966363 0.254926 -0.0339778 157.781 -0.0233727 0.0445159 0.998735 0
0.252406 0.967104 -0.0316415 83.0346 -0.967457 0.251624 -0.0266978 157.746 -0.0178578 0.0373505 0.999143 0
0.246195 0.968112 -0.0463376 85.2824 -0.9691 0.245129 -0.0275262 157.678 -0.0152898 0.0516826 0.998546 0
0.238025 0.970241 -0.0444441 87.5689 -0.971255 0.237654 -0.0135475 157.637 -0.00258209 0.0463912 0.99892 0
0.232825 0.971532 -0.0437961 89.8917 -0.972518 0.232524 -0.0119206 157.574 -0.00139755 0.0453679 0.998969 0
0.228588 0.972713 -0.0397115 91.6655 -0.973375 0.227652 -0.0267466 157.507 -0.0169764 0.0447681 0.998853 0
0.223293 0.973872 -0.0413959 94.0273 -0.974425 0.221918 -0.0353411 157.43 -0.0252312 0.0482286 0.998518 0
0.217424 0.975616 -0.0300123 95.8158 -0.975844 0.216598 -0.0285327 157.389 -0.0213364 0.035491 0.999142 0
0.21412 0.976463 -0.0259324 98.1628 -0.976584 0.213428 -0.0270659 157.316 -0.0208941 0.0311205 0.999297 0
0.21159 0.97667 -0.0366703 99.8897 -0.977283 0.210957 -0.0203855 157.264 -0.0121741 0.0401506 0.999119 0
0.209006 0.977388 -0.0320795 102.151 -0.977646 0.208067 -0.0302813 157.161 -0.0229219 0.0376914 0.999026 0
0.205068 0.977858 -0.0417294 104.308 -0.978328 0.203545 -0.0379946 157.053 -0.0286595 0.0486165 0.998406 0
0.202533 0.978311 -0.0434457 106.386 -0.978601 0.200548 -0.0460424 156.936 -0.0363308 0.0518411 0.997994 0
0.20156 0.978263 -0.0487261 108.377 -0.978756 0.199255 -0.0483043 156.83 -0.0375454 0.0574271 0.997643 0
0.198424 0.97942 -0.0369324 110.352 -0.979584 0.196934 -0.0403923 156.723 -0.0322878 0.0441932 0.998501 0
0.200397 0.978709 -0.0443789 112.287 -0.978935 0.198225 -0.0489154 156.586 -0.039077 0.0532466 0.997817 0
0.199397 0.978958 -0.0433805 114.195 -0.979414 0.197678 -0.040896 156.484 -0.0314601 0.050642 0.998221 0
0.199443 0.979103 -0.0397587 116.043 -0.979469 0.197972 -0.0380503 156.36 -0.029384 0.0465313 0.998485 0
0.202396 0.978686 -0.0347881 117.81 -0.978898 0.201162 -0.035954 156.227 -0.0281897 0.0413309 0.998748 0
0.208463 0.977346 -0.0365691 119.883 -0.977693 0.207262 -0.0340531 156.05 -0.0257023 0.0428521 0.998751 0
0.216546 0.975145 -0.0469159 121.802 -0.975855 0.214798 -0.0396134 155.848 -0.0285513 0.0543612 0.998113 0
0.220192 0.975109 -0.0260548 123.651 -0.975245 0.219509 -0.0267141 155.671 -0.0203299 0.031292 0.999304 0
0.219203 0.975433 -0.0219277 125.396 -0.975283 0.218418 -0.0334224 155.445 -0.0278119 0.028712 0.999201 0
0.205164 0.978336 -0.0276913 127.269 -0.978565 0.204532 -0.0240208 155.157 -0.0178366 0.0320259 0.999328 0
0.130939 0.990772 -0.0350219 129.043 -0.991389 0.130807 -0.00603383 154.718 -0.00139703 0.0355104 0.999368 0
-0.0837137 0.995071 -0.0531645 130.707 -0.99628 -0.0846706 -0.0160048 153.906 -0.0204273 0.051627 0.998457 0
-0.31748 0.945662 -0.0702107 132.312 -0.948152 -0.317716 0.00807062 152.816 -0.014675 0.0691326 0.9975 0
-0.527149 0.845221 -0.0878358 133.586 -0.849707 -0.525569 0.0421201 151.578 -0.010563 0.0968383 0.995244 0
-0.706035 0.704948 -0.0675471 134.552 -0.708002 -0.704762 0.0452121 150.312 -0.0157325 0.0797448 0.996691 0
-0.852309 0.521113 -0.0448297 135.248 -0.522476 -0.852233 0.026799 148.882 -0.02424 0.0462635 0.998635 0
-0.927255 0.372924 -0.0335521 135.733 -0.373284 -0.927704 0.00494894 147.12 -0.0292808 0.0171134 0.999425 0
-0.956167 0.289753 -0.0422855 136.014 -0.289239 -0.957089 -0.0179456 145.253 -0.0456708 -0.00492837 0.998944 0
-0.961564 0.271358 -0.0419502 136.188 -0.270951 -0.962473 -0.0152177 143.421 -0.0445054 -0.00326638 0.999004 0
-0.958678 0.281823 -0.038896 136.301 -0.282067 -0.959395 0.000810518 141.335 -0.0370882 0.0117483 0.999243 0
-0.960161 0.277456 -0.0333033 136.32 -0.278223 -0.960285 0.0210742 139.168 -0.0261335 0.0295003 0.999223 0
-0.966134 0.255603 -0.035379 136.269 -0.256718 -0.965969 0.031627 136.746 -0.026091 0.0396383 0.998873 0
-0.972277 0.231219 -0.0348608 136.182 -0.23222 -0.972259 0.0280338 134.458 -0.0274118 0.035352 0.998999 0
-0.974795 0.221129 -0.0295951 136.084 -0.221915 -0.974704 0.0265638 132.419 -0.0229725 0.0324619 0.999209 0
-0.976182 0.214321 -0.0336858 135.949 -0.214979 -0.976466 0.0172426 130.271 -0.0291976 0.0240736 0.999284 0
-0.976568 0.212791 -0.0321771 135.805 -0.213563 -0.976663 0.0227873 128.067 -0.0265772 0.0291252 0.999222 0
-0.977079 0.210765 -0.0299005 135.673 -0.211204 -0.977364 0.0123435 126.241 -0.0266221 0.0183757 0.999477 0
-0.976242 0.215198 -0.0253167 135.542 -0.215498 -0.976455 0.00976247 124.402 -0.0226198 0.0149862 0.999632 0
-0.974876 0.222025 -0.0179406 135.415 -0.222299 -0.974862 0.0150459 122.55 -0.0141491 0.0186561 0.999726 0
-0.973656 0.227757 -0.0109603 135.294 -0.227912 -0.97355 0.0160421 120.686 -0.00701672 0.0181175 0.999811 0
-0.973225 0.229584 -0.0111154 135.162 -0.229725 -0.973159 0.013702 118.807 -0.00767125 0.0158886 0.999844 0
-0.972931 0.230963 -0.00782922 135.038 -0.23107 -0.972767 0.0181999 116.919 -0.00341251 0.0195163 0.999804 0
-0.972621 0.232388 -0.00186267 134.927 -0.232375 -0.972397 0.0211294 115.011 0.00309896 0.0209837 0.999775 0
-0.972855 0.231414 0.000959483 134.815 -0.231361 -0.972708 0.0176239 113.074 0.0050117 0.0169235 0.999844 0
-0.97302 0.230706 0.00241805 134.704 -0.230648 -0.972928 0.0145606 111.117 0.00571181 0.01361 0.999891 0
-0.973724 0.227718 0.00257831 134.602 -0.227684 -0.973688 0.0096198 109.135 0.00470107 0.00877999 0.99995 0
-0.975333 0.220702 0.0040287 134.501 -0.220678 -0.97533 0.00576904 107.13 0.00520255 0.00473769 0.999975 0
-0.977618 0.210348 0.00399939 134.399 -0.21035 -0.977626 -0.000138135 105.117 0.00388085 -0.000976316 0.999992 0
-0.980023 0.198886 0.000255262 134.27 -0.198885 -0.980017 -0.00322773 103.116 -0.000391789 -0.00321402 0.999995 0
-0.980969 0.194078 -0.00579262 134.124 -0.194053 -0.98098 -0.00461593 101.137 -0.00657829 -0.00340401 0.999973 0
-0.980399 0.19686 -0.0080405 133.99 -0.196825 -0.980426 -0.00492997 99.1867 -0.00885363 -0.00325076 0.999956 0
-0.978554 0.205668 -0.0115609 133.86 -0.205642 -0.978621 -0.00342286 97.2608 -0.0120177 -0.000972047 0.999927 0
-0.976635 0.21468 -0.00979246 133.747 -0.21468 -0.976684 -0.00106962 95.3613 -0.00979377 0.00105762 0.999951 0
-0.975142 0.221367 -0.0097254 133.633 -0.221405 -0.975177 0.00304526 93.4917 -0.00880987 0.00512281 0.999948 0
-0.973643 0.22775 -0.0122054 133.491 -0.227879 -0.973633 0.010474 91.1878 -0.00949809 0.0129793 0.999871 0
-0.972628 0.231996 -0.013133 133.363 -0.232159 -0.972595 0.012708 88.8909 -0.00982489 0.0154091 0.999833 0
-0.972039 0.234732 -0.00646015 133.249 -0.234805 -0.971927 0.0149969 86.608 -0.00275853 0.0160945 0.999867 0
-0.971911 0.23535 -0.000629339 133.132 -0.235337 -0.97182 0.0135353 84.3337 0.00257393 0.0133032 0.999908 0
-0.972629 0.232351 -0.00251359 133.023 -0.232355 -0.972437 0.0194427 82.0878 0.00207323 0.0194946 0.999808 0
-0.974726 0.223333 -0.005706 132.911 -0.223392 -0.974631 0.0137897 79.8339 -0.00248155 0.0147158 0.999889 0
-0.976096 0.217217 -0.00732183 132.816 -0.217257 -0.976101 0.00511594 77.5756 -0.00603557 0.00658436 0.99996 0
-0.976891 0.213717 -0.00311814 132.735 -0.213728 -0.976886 0.00380375 75.3383 -0.00223314 0.00438228 0.999988 0
-0.978638 0.20559 -0.000711574 132.646 -0.205586 -0.978633 -0.00331905 73.1353 -0.00137873 -0.00310185 0.999994 0
-0.981614 0.190767 -0.00652567 132.518 -0.190801 -0.981616 0.00498761 70.9947 -0.00545423 0.00614101 0.999966 0
-0.983784 0.178563 -0.0168568 132.363 -0.178753 -0.983838 0.0104653 68.8893 -0.0147156 0.0133088 0.999803 0
-0.981734 0.18755 -0.0319812 132.2 -0.187989 -0.982106 0.0113147 66.7772 -0.0292869 0.0171201 0.999424 0
-0.976234 0.214521 -0.0307949 132.096 -0.214786 -0.976646 0.00550754 64.6431 -0.0288942 0.011991 0.999511 0
-0.969806 0.242457 -0.0262735 132.029 -0.242659 -0.9701 0.00473884 62.481 -0.024339 0.0109713 0.999644 0
-0.966416 0.255953 -0.0229736 131.992 -0.255972 -0.966682 -0.00215903 60.2807 -0.0227608 0.00379407 0.999734 0
-0.966485 0.256047 -0.0186207 131.961 -0.255911 -0.966655 -0.0093789 58.0702 -0.0204012 -0.00429932 0.999783 0
-0.967639 0.251982 -0.0133998 131.909 -0.251787 -0.967671 -0.0146927 55.8666 -0.0166688 -0.0108433 0.999802 0
-0.967764 0.251745 -0.00756423 131.833 -0.251617 -0.967716 -0.014658 53.6806 -0.0110101 -0.0122822 0.999864 0
-0.967026 0.254676 -0.000561904 131.74 -0.25464 -0.966924 -0.014713 51.5115 -0.00429036 -0.0140848 0.999892 0
-0.968103 0.250493 -0.00552756 131.642 -0.25041 -0.968058 -0.0125817 49.362 -0.00850263 -0.0107962 0.999906 0
-0.970225 0.242201 -0.00139686 131.549 -0.242185 -0.970202 -0.00731234 47.2289 -0.00312629 -0.00675631 0.999972 0
-0.971553 0.236762 -0.00525371 131.413 -0.23681 -0.971482 0.0120137 45.1412 -0.00225949 0.0129161 0.999914 0
-0.972701 0.231325 -0.0184958 131.212 -0.23177 -0.972386 0.0273465 42.6572 -0.0116591 0.0308868 0.999455 0
-0.971696 0.235253 -0.0215401 131.059 -0.235924 -0.971056 0.0372844 40.5502 -0.0121454 0.041311 0.999072 0
-0.971194 0.237475 -0.0197055 130.926 -0.238059 -0.970576 0.0362052 38.3739 -0.0105278 0.0398533 0.99915 0
-0.971338 0.237315 -0.0135898 130.804 -0.237593 -0.971041 0.0250731 36.1222 -0.00724608 0.0275833 0.999593 0
-0.972183 0.234124 -0.00685128 130.709 -0.234221 -0.971899 0.0235189 34.2942 -0.00115242 0.0244694 0.9997 0
-0.97415 0.225894 0.00171031 130.587 -0.225815 -0.973962 0.0201463 32.0081 0.00621671 0.0192393 0.999796 0
-0.976084 0.217391 0.00118825 130.47 -0.21736 -0.976012 0.0124936 30.1837 0.00387575 0.0119365 0.999921 0
-0.977411 0.211346 0.000704475 130.349 -0.211331 -0.977372 0.00911318 28.3817 0.00261457 0.00875845 0.999958 0
-0.977713 0.209946 0.00081593 130.22 -0.209942 -0.977709 0.00307783 26.5986 0.00144392 0.00283794 0.999995 0
-0.977913 0.208858 0.0080121 130.104 -0.208696 -0.977825 0.0174498 24.8767 0.011479 0.0153923 0.999816 0
-0.97855 0.205523 0.0141085 129.993 -0.205172 -0.978456 0.0229812 23.1833 0.0185277 0.0195936 0.999636 0
-0.981084 0.19326 0.011142 129.844 -0.192963 -0.980927 0.0233955 21.095 0.0154509 0.020803 0.999664 0
-0.983942 0.178468 0.0027687 129.71 -0.178376 -0.983751 0.0204176 19.4247 0.0063676 0.0195959 0.999788 0
-0.986368 0.164054 -0.0128523 129.563 -0.164092 -0.986443 0.00195356 17.7306 -0.0123576 0.00403589 0.999915 0
-0.988648 0.148716 -0.0214352 129.434 -0.148699 -0.98888 -0.00239854 16.0552 -0.0215535 0.000816086 0.999767 0
-0.990866 0.132016 -0.0275105 129.296 -0.131737 -0.991215 -0.0117369 14.3919 -0.0288183 -0.00800552 0.999553 0
-0.991767 0.117932 -0.0499096 129.134 -0.117468 -0.993003 -0.0121356 12.7759 -0.0509915 -0.00617294 0.99868 0
-0.992767 0.108343 -0.0517182 128.988 -0.107228 -0.993948 -0.0238728 11.182 -0.0539916 -0.0181545 0.998376 0
-0.991939 0.110787 -0.0615043 128.816 -0.109111 -0.993577 -0.0299846 9.65082 -0.0644311 -0.0230322 0.997656 0
-0.991182 0.119857 -0.0565021 128.652 -0.118122 -0.992447 -0.0331212 7.82378 -0.0600451 -0.026155 0.997853 0
-0.989126 0.136692 -0.054275 128.497 -0.135356 -0.990413 -0.0275908 6.10503 -0.0575261 -0.0199443 0.998145 0
-0.987006 0.152424 -0.0508635 128.337 -0.15123 -0.988141 -0.0265751 4.15675 -0.054311 -0.0185377 0.998352 0
-0.985137 0.165101 -0.0473922 128.189 -0.164194 -0.986172 -0.0224674 2.30697 -0.0504462 -0.0143519 0.998624 0
-0.983288 0.176168 -0.0459349 128.04 -0.175502 -0.984311 -0.0181957 0.256799 -0.0484197 -0.00982994 0.998779 0
-0.982008 0.18516 -0.0370808 127.923 -0.184599 -0.982648 -0.0180648 -1.70121 -0.0397823 -0.0108947 0.999149 0
-0.98011 0.193914 -0.0422161 127.767 -0.193999 -0.981 -0.00212826 -4.0125 -0.0418267 0.00610393 0.999106 0
-0.979544 0.192 -0.0602409 126.921 -0.195383 -0.979103 0.0564114 -7.73961 -0.048151 0.0670275 0.996589 0
-0.979774 0.190941 -0.059871 126.912 -0.19244 -0.981099 0.0203042 -9.92642 -0.0548625 0.031415 0.998 0
-0.980123 0.189586 -0.0584475 126.891 -0.189266 -0.981864 -0.0110044 -11.8256 -0.0594738 0.000276439 0.99823 0
-0.98027 0.187453 -0.0627037 126.757 -0.188542 -0.981993 0.0118852 -13.4511 -0.0593467 0.023473 0.997961 0
-0.982873 0.177615 -0.0491266 126.488 -0.178949 -0.983561 0.0241991 -15.1226 -0.0440209 0.0325758 0.998499 0
-0.993905 0.10698 -0.026592 126.065 -0.107699 -0.99381 0.027263 -16.5315 -0.0235107 0.0299608 0.999275 0
-0.994058 -0.108744 -0.00493386 125.467 0.108633 -0.993901 0.0189448 -17.6127 -0.00696391 0.0182963 0.999808 0
-0.891263 -0.45327 -0.0140617 124.552 0.453241 -0.891372 0.00532167 -18.595 -0.0149463 -0.00163032 0.999887 0
-0.689905 -0.723581 -0.0214818 123.409 0.723279 -0.690239 0.0209212 -19.3062 -0.0299658 -0.0011037 0.99955 0
-0.424593 -0.904919 -0.0290331 121.852 0.90413 -0.425474 0.0390082 -19.8252 -0.047652 -0.00968707 0.998817 0
-0.240054 -0.970021 -0.0378445 119.809 0.969715 -0.241422 0.036998 -20.2177 -0.0450254 -0.0278168 0.998599 0
-0.201252 -0.979122 -0.0285973 117.675 0.978719 -0.202192 0.035037 -20.4705 -0.0400877 -0.0209374 0.998977 0
-0.194705 -0.980653 -0.0202195 115.556 0.979579 -0.195463 0.0471154 -20.5662 -0.0501561 -0.010633 0.998685 0
-0.195195 -0.980263 -0.0313415 113.392 0.979424 -0.196499 0.0460143 -20.6015 -0.0512647 -0.0217149 0.998449 0
-0.199502 -0.979332 -0.0332775 111.154 0.978993 -0.200662 0.0361498 -20.6285 -0.0420802 -0.0253665 0.998792 0
-0.202297 -0.978723 -0.0343131 109.147 0.978592 -0.203377 0.0315696 -20.6022 -0.0378764 -0.027192 0.998912 0
-0.203434 -0.978484 -0.0344082 107.035 0.978404 -0.20448 0.0302347 -20.5278 -0.03662 -0.0275143 0.99895 0
-0.208071 -0.977494 -0.0348193 104.791 0.977566 -0.209014 0.0260495 -20.4342 -0.0327409 -0.028618 0.999054 0
-0.204541 -0.978336 -0.0319574 102.837 0.978241 -0.205462 0.0288102 -20.3217 -0.0347521 -0.0253691 0.999074 0
-0.200155 -0.979308 -0.0298846 100.803 0.979267 -0.200932 0.0257369 -20.2068 -0.0312091 -0.0241137 0.999222 0
-0.195361 -0.980344 -0.027571 98.6923 0.980087 -0.196175 0.0307373 -20.0567 -0.0355419 -0.0210172 0.999147 0
-0.195469 -0.980429 -0.0234786 96.9491 0.979954 -0.196202 0.0345592 -19.9362 -0.0384894 -0.0162527 0.999127 0
-0.194977 -0.980712 -0.0136753 95.163 0.980271 -0.195313 0.0303689 -19.8171 -0.0324541 -0.00748427 0.999445 0
-0.194408 -0.980327 -0.0341405 93.2863 0.980311 -0.195396 0.028478 -19.698 -0.0345887 -0.0279319 0.999011 0
-0.196998 -0.979923 -0.0306871 91.3706 0.979979 -0.197738 0.0232713 -19.6013 -0.0288721 -0.0254883 0.999258 0
-0.195906 -0.980177 -0.0295711 89.3855 0.980227 -0.196594 0.0224772 -19.4988 -0.0278451 -0.024583 0.99931 0
-0.193266 -0.980648 -0.0312836 87.3599 0.980761 -0.193985 0.0218592 -19.4004 -0.0275047 -0.0264571 0.999272 0
-0.190323 -0.981047 -0.0363902 85.307 0.981454 -0.191005 0.0162787 -19.3073 -0.0229209 -0.0326171 0.999205 0
-0.1882 -0.981458 -0.0363557 83.2396 0.981826 -0.188935 0.0179365 -19.2046 -0.0244728 -0.0323193 0.999178 0
-0.187088 -0.981486 -0.0410209 81.1449 0.981937 -0.188048 0.0209242 -19.0989 -0.0282508 -0.0363653 0.998939 0
-0.189812 -0.981183 -0.0353881 79.0458 0.981219 -0.190834 0.02814 -18.9931 -0.0343637 -0.0293822 0.998977 0
-0.189904 -0.980394 -0.0525746 76.8935 0.981003 -0.191638 0.0301361 -18.8958 -0.0396205 -0.0458529 0.998162 0
-0.191805 -0.98023 -0.0485829 74.7413 0.980762 -0.193269 0.0274411 -18.8095 -0.0362882 -0.0423849 0.998442 0
-0.195061 -0.979087 -0.0577987 72.537 0.980338 -0.196423 0.0188647 -18.7397 -0.0298232 -0.0529825 0.99815 0
-0.196111 -0.978615 -0.0620707 70.3003 0.980152 -0.197506 0.0171219 -18.667 -0.0290151 -0.0574809 0.997925 0
-0.194756 -0.978809 -0.0632778 68.0539 0.980337 -0.196337 0.0197584 -18.5932 -0.0317635 -0.0581856 0.9978 0
-0.193726 -0.978968 -0.0639657 65.8156 0.980593 -0.195225 0.0180132 -18.5245 -0.030122 -0.0592347 0.99779 0
-0.192234 -0.979152 -0.0656277 63.594 0.980858 -0.193823 0.0187201 -18.4451 -0.0310501 -0.0607728 0.997669 0
-0.19196 -0.979121 -0.0668813 61.3949 0.980958 -0.193479 0.0169673 -18.3666 -0.0295532 -0.0623506 0.997617 0
-0.191599 -0.978652 -0.0743697 59.2126 0.981071 -0.193138 0.0140185 -18.2812 -0.0280828 -0.0702761 0.997132 0
-0.190238 -0.979048 -0.0726226 57.089 0.981257 -0.191939 0.017148 -18.1784 -0.0307278 -0.0679992 0.997212 0
-0.189313 -0.979349 -0.0709658 55.0323 0.98117 -0.191493 0.0252144 -18.0494 -0.0382832 -0.0648561 0.99716 0
-0.188608 -0.980519 -0.0548604 52.5798 0.981481 -0.19011 0.0235343 -17.8976 -0.0335053 -0.0494057 0.998217 0
-0.186673 -0.981646 -0.0390533 50.1219 0.982011 -0.187597 0.0214753 -17.7397 -0.0284074 -0.0343419 0.999006 0
-0.186701 -0.982075 -0.0259126 47.6275 0.982072 -0.18727 0.0215749 -17.576 -0.0260408 -0.02142 0.999431 0
-0.185388 -0.982545 -0.0153724 45.1262 0.982423 -0.185667 0.0193154 -17.4121 -0.0218324 -0.0115214 0.999695 0
-0.184982 -0.982738 -0.00284628 43.1397 0.982477 -0.184998 0.0227039 -17.2627 -0.0228385 0.0014034 0.999738 0
-0.185333 -0.982675 -0.000893829 40.5978 0.982454 -0.185311 0.0210933 -17.0998 -0.0208935 0.00303115 0.999777 0
-0.184873 -0.982761 0.00173741 38.4855 0.982559 -0.184798 0.0206641 -16.9878 -0.0199868 0.00552733 0.999785 0
-0.185663 -0.982562 0.0101079 36.3022 0.982422 -0.185414 0.0216352 -16.8877 -0.0193838 0.0139471 0.999715 0
-0.184696 -0.982792 0.00262812 34.0493 0.982354 -0.184532 0.0304872 -16.7866 -0.0294776 0.00821261 0.999532 0
-0.184331 -0.982864 0.000510895 31.7711 0.982268 -0.184201 0.0349281 -16.6913 -0.0342355 0.00694018 0.99939 0
-0.183269 -0.982997 -0.011355 29.4794 0.982424 -0.183554 0.0339281 -16.6019 -0.0354355 -0.0049375 0.99936 0
-0.182005 -0.983056 -0.0218113 27.7585 0.98266 -0.182641 0.031978 -16.5323 -0.0354198 -0.0156129 0.999251 0
-0.180593 -0.983273 -0.0236855 26.0505 0.982845 -0.181326 0.0337197 -16.4564 -0.0374505 -0.0171896 0.999151 0
-0.179619 -0.983334 -0.0281355 24.3412 0.983047 -0.18049 0.0322655 -16.3793 -0.0368059 -0.0218631 0.999083 0
-0.177252 -0.983494 -0.0363599 22.6338 0.983499 -0.17837 0.0302161 -16.3009 -0.0362029 -0.030404 0.998882 0
-0.17573 -0.983592 -0.0408081 20.9429 0.98394 -0.176809 0.0245081 -16.2208 -0.0313212 -0.0358459 0.998866 0
-0.173391 -0.983729 -0.0470315 18.7218 0.984405 -0.174554 0.0218415 -16.0908 -0.0296957 -0.0425109 0.998655 0
-0.173054 -0.983442 -0.0537967 17.0925 0.984501 -0.174301 0.0193957 -15.984 -0.0284514 -0.0496064 0.998363 0
-0.171543 -0.983665 -0.0545503 15.0293 0.984942 -0.172448 0.0123069 -15.8322 -0.021513 -0.0516177 0.998435 0
-0.170546 -0.983672 -0.0574694 13.0926 0.985104 -0.171516 0.0123611 -15.6533 -0.0220162 -0.0545052 0.998271 0
-0.169307 -0.983874 -0.057674 11.3034 0.985454 -0.169869 0.00495913 -15.4753 -0.0146762 -0.0559954 0.998323 0
-0.167368 -0.984234 -0.0572005 9.68998 0.985864 -0.167538 -0.0018378 -15.2913 -0.00777444 -0.0566995 0.998361 0
-0.138348 -0.989189 -0.0486313 7.8349 0.990365 -0.137877 -0.0129152 -15.0517 0.00607042 -0.0499495 0.998733 0
-0.06116 -0.997037 -0.0466469 6.04955 0.997945 -0.0601867 -0.0219939 -14.7342 0.0191212 -0.0478962 0.998669 0
0.0879119 -0.995306 -0.040456 4.36068 0.995525 0.0891998 -0.0312128 -14.2498 0.034675 -0.037531 0.998694 0
0.277108 -0.960064 -0.0385781 2.83681 0.960031 0.278298 -0.0298425 -13.5474 0.0393869 -0.0287666 0.99881 0
0.477761 -0.876907 -0.0527094 1.46692 0.876922 0.479632 -0.030985 -12.6683 0.0524521 -0.0314186 0.998129 0
0.668858 -0.741981 -0.045755 0.370356 0.741542 0.670267 -0.0292758 -11.6234 0.0523902 -0.014348 0.998524 0
0.825115 -0.563839 -0.0356611 -0.440585 0.562888 0.825849 -0.0336162 -10.492 0.0484048 0.00766402 0.998798 0
0.946932 -0.320613 -0.0229471 -1.09406 0.31961 0.946752 -0.038867 -8.89326 0.0341864 0.0294703 0.998981 0
0.985581 -0.169202 -0.00102737 -1.37959 0.168993 0.984631 -0.0440702 -7.31921 0.00846835 0.0432611 0.999028 0
0.994645 -0.103052 0.00779289 -1.54741 0.103294 0.993701 -0.0434508 -5.60487 -0.00326613 0.0440231 0.999025 0
0.996203 -0.0850692 0.0185118 -1.64083 0.0856523 0.995765 -0.0333935 -3.76279 -0.0155926 0.0348523 0.999271 0
0.998502 -0.0494254 0.0234515 -1.6618 0.0501301 0.998278 -0.0304748 -1.88893 -0.0219049 0.0316048 0.99926 0
0.999474 -0.01227 0.0300128 -1.57246 0.0128203 0.999752 -0.018213 -0.466498 -0.0297819 0.0185882 0.999384 0
0.999111 0.0307893 0.0288036 -1.3821 -0.0303471 0.999417 -0.0156673 0.996952 -0.0292691 0.0147793 0.999462 0
0.997186 0.0630853 0.0405092 -1.01622 -0.062876 0.998001 -0.00642022 2.44732 -0.0408332 0.0038551 0.999159 0
0.997551 0.0515742 0.0472425 -0.549156 -0.0513306 0.998662 -0.00635559 3.83635 -0.0475071 0.00391504 0.998863 0
0.998376 0.018036 0.0540287 0.0953606 -0.0183367 0.999819 0.00507487 5.55445 -0.0539274 -0.00605734 0.998527 0
0.991804 -0.110711 0.0637843 0.80903 0.109914 0.993814 0.0158818 7.72042 -0.0651481 -0.00874086 0.997837 0
